FID ID phe0 phe1 phe2 
1 100000  0 1.0 0.0 
1 100001  0 1.0 0.0 
2 200000  0 0.5 0.5 
2 200001  1 0.0 1.0 
3 300000  0 1.0 0.0 
3 300001  0 1.0 0.0 
4 400000  0 1.0 0.0 
4 400001  0 1.0 0.0 
5 500000  0 0.5 0.5 
5 500001  0 0.5 0.5 
6 600000  0 1.0 0.0 
6 600001  0 0.5 0.5 
7 700000  1 1.0 0.0 
7 700001  0 1.0 0.0 
8 800000  0 1.0 0.0 
8 800001  0 0.0 1.0 
9 900000  0 1.0 0.0 
9 900001  1 1.0 0.0 
10 1000000  1 1.0 0.0 
10 1000001  1 0.5 0.5 
11 1100000  0 0.0 1.0 
11 1100001  0 1.0 0.0 
12 1200000  1 1.0 0.0 
12 1200001  0 0.0 1.0 
13 1300000  0 1.0 0.0 
13 1300001  0 1.0 0.0 
14 1400000  0 1.0 0.0 
14 1400001  0 0.5 0.5 
15 1500000  1 0.5 0.5 
15 1500001  0 0.5 0.5 
16 1600000  1 0.5 0.5 
16 1600001  0 0.5 0.5 
17 1700000  0 1.0 0.0 
17 1700001  0 1.0 0.0 
18 1800000  0 0.5 0.5 
18 1800001  0 0.0 1.0 
19 1900000  1 1.0 0.0 
19 1900001  0 1.0 0.0 
20 2000000  0 0.5 0.5 
20 2000001  0 1.0 0.0 
21 2100000  0 1.0 0.0 
21 2100001  0 1.0 0.0 
22 2200000  0 1.0 0.0 
22 2200001  0 1.0 0.0 
23 2300000  0 0.5 0.5 
23 2300001  0 0.5 0.5 
24 2400000  0 1.0 0.0 
24 2400001  0 0.5 0.5 
25 2500000  0 1.0 0.0 
25 2500001  0 1.0 0.0 
26 2600000  0 0.5 0.5 
26 2600001  0 1.0 0.0 
27 2700000  0 1.0 0.0 
27 2700001  0 1.0 0.0 
28 2800000  1 1.0 0.0 
28 2800001  0 0.0 1.0 
29 2900000  0 0.5 0.5 
29 2900001  0 1.0 0.0 
30 3000000  0 1.0 0.0 
30 3000001  0 1.0 0.0 
31 3100000  1 0.5 0.5 
31 3100001  0 1.0 0.0 
32 3200000  0 0.5 0.5 
32 3200001  0 1.0 0.0 
33 3300000  0 0.5 0.5 
33 3300001  0 1.0 0.0 
34 3400000  1 1.0 0.0 
34 3400001  0 1.0 0.0 
35 3500000  0 1.0 0.0 
35 3500001  1 1.0 0.0 
36 3600000  0 1.0 0.0 
36 3600001  0 1.0 0.0 
37 3700000  1 0.5 0.5 
37 3700001  0 1.0 0.0 
38 3800000  1 0.5 0.5 
38 3800001  1 1.0 0.0 
39 3900000  1 1.0 0.0 
39 3900001  1 1.0 0.0 
40 4000000  1 0.5 0.5 
40 4000001  0 1.0 0.0 
41 4100000  0 1.0 0.0 
41 4100001  0 1.0 0.0 
42 4200000  0 1.0 0.0 
42 4200001  0 1.0 0.0 
43 4300000  0 1.0 0.0 
43 4300001  0 0.5 0.5 
44 4400000  0 1.0 0.0 
44 4400001  0 0.5 0.5 
45 4500000  0 1.0 0.0 
45 4500001  0 1.0 0.0 
46 4600000  1 0.0 1.0 
46 4600001  1 1.0 0.0 
47 4700000  0 1.0 0.0 
47 4700001  0 1.0 0.0 
48 4800000  0 1.0 0.0 
48 4800001  0 1.0 0.0 
49 4900000  0 0.5 0.5 
49 4900001  0 0.5 0.5 
50 5000000  1 0.5 0.5 
50 5000001  0 0.5 0.5 
51 5100000  0 1.0 0.0 
51 5100001  0 0.5 0.5 
52 5200000  1 1.0 0.0 
52 5200001  0 1.0 0.0 
53 5300000  1 1.0 0.0 
53 5300001  1 0.5 0.5 
54 5400000  0 1.0 0.0 
54 5400001  0 1.0 0.0 
55 5500000  0 1.0 0.0 
55 5500001  1 1.0 0.0 
56 5600000  0 1.0 0.0 
56 5600001  0 1.0 0.0 
57 5700000  1 0.5 0.5 
57 5700001  0 1.0 0.0 
58 5800000  1 1.0 0.0 
58 5800001  0 1.0 0.0 
59 5900000  0 0.0 1.0 
59 5900001  1 1.0 0.0 
60 6000000  0 0.5 0.5 
60 6000001  0 1.0 0.0 
61 6100000  1 0.5 0.5 
61 6100001  0 0.5 0.5 
62 6200000  1 1.0 0.0 
62 6200001  1 0.5 0.5 
63 6300000  0 0.5 0.5 
63 6300001  0 1.0 0.0 
64 6400000  0 1.0 0.0 
64 6400001  1 0.5 0.5 
65 6500000  0 1.0 0.0 
65 6500001  0 1.0 0.0 
66 6600000  0 1.0 0.0 
66 6600001  0 1.0 0.0 
67 6700000  0 1.0 0.0 
67 6700001  1 1.0 0.0 
68 6800000  0 1.0 0.0 
68 6800001  1 1.0 0.0 
69 6900000  0 0.5 0.5 
69 6900001  0 1.0 0.0 
70 7000000  0 1.0 0.0 
70 7000001  0 0.5 0.5 
71 7100000  0 1.0 0.0 
71 7100001  1 1.0 0.0 
72 7200000  0 0.5 0.5 
72 7200001  0 1.0 0.0 
73 7300000  1 1.0 0.0 
73 7300001  0 1.0 0.0 
74 7400000  0 1.0 0.0 
74 7400001  0 1.0 0.0 
75 7500000  0 0.5 0.5 
75 7500001  0 1.0 0.0 
76 7600000  1 1.0 0.0 
76 7600001  1 1.0 0.0 
77 7700000  1 1.0 0.0 
77 7700001  0 0.0 1.0 
78 7800000  1 0.5 0.5 
78 7800001  0 1.0 0.0 
79 7900000  0 0.5 0.5 
79 7900001  0 1.0 0.0 
80 8000000  1 0.5 0.5 
80 8000001  1 0.0 1.0 
81 8100000  0 0.5 0.5 
81 8100001  0 1.0 0.0 
82 8200000  0 1.0 0.0 
82 8200001  1 1.0 0.0 
83 8300000  0 0.0 1.0 
83 8300001  1 1.0 0.0 
84 8400000  0 1.0 0.0 
84 8400001  1 0.5 0.5 
85 8500000  1 0.5 0.5 
85 8500001  0 1.0 0.0 
86 8600000  0 1.0 0.0 
86 8600001  0 1.0 0.0 
87 8700000  1 1.0 0.0 
87 8700001  0 1.0 0.0 
88 8800000  0 1.0 0.0 
88 8800001  0 0.5 0.5 
89 8900000  0 1.0 0.0 
89 8900001  1 1.0 0.0 
90 9000000  0 1.0 0.0 
90 9000001  0 1.0 0.0 
91 9100000  0 1.0 0.0 
91 9100001  1 0.0 1.0 
92 9200000  0 1.0 0.0 
92 9200001  1 1.0 0.0 
93 9300000  0 0.5 0.5 
93 9300001  1 0.5 0.5 
94 9400000  0 1.0 0.0 
94 9400001  0 0.5 0.5 
95 9500000  0 1.0 0.0 
95 9500001  0 1.0 0.0 
96 9600000  1 1.0 0.0 
96 9600001  0 1.0 0.0 
97 9700000  0 1.0 0.0 
97 9700001  0 0.0 1.0 
98 9800000  0 0.5 0.5 
98 9800001  1 0.0 1.0 
99 9900000  0 1.0 0.0 
99 9900001  0 1.0 0.0 
100 10000000  1 0.5 0.5 
100 10000001  1 0.5 0.5 
101 10100000  0 1.0 0.0 
101 10100001  0 1.0 0.0 
102 10200000  0 1.0 0.0 
102 10200001  0 0.5 0.5 
103 10300000  0 1.0 0.0 
103 10300001  0 0.5 0.5 
104 10400000  0 1.0 0.0 
104 10400001  0 0.5 0.5 
105 10500000  0 1.0 0.0 
105 10500001  0 0.5 0.5 
106 10600000  0 1.0 0.0 
106 10600001  0 1.0 0.0 
107 10700000  1 0.5 0.5 
107 10700001  0 1.0 0.0 
108 10800000  1 0.5 0.5 
108 10800001  0 1.0 0.0 
109 10900000  1 0.5 0.5 
109 10900001  1 0.5 0.5 
110 11000000  1 1.0 0.0 
110 11000001  0 0.5 0.5 
111 11100000  0 1.0 0.0 
111 11100001  0 1.0 0.0 
112 11200000  0 1.0 0.0 
112 11200001  0 0.5 0.5 
113 11300000  0 1.0 0.0 
113 11300001  0 1.0 0.0 
114 11400000  0 1.0 0.0 
114 11400001  0 1.0 0.0 
115 11500000  0 1.0 0.0 
115 11500001  0 1.0 0.0 
116 11600000  1 0.5 0.5 
116 11600001  0 0.5 0.5 
117 11700000  0 1.0 0.0 
117 11700001  0 0.5 0.5 
118 11800000  0 1.0 0.0 
118 11800001  0 1.0 0.0 
119 11900000  0 1.0 0.0 
119 11900001  0 1.0 0.0 
120 12000000  1 1.0 0.0 
120 12000001  0 1.0 0.0 
121 12100000  0 1.0 0.0 
121 12100001  1 0.5 0.5 
122 12200000  0 0.5 0.5 
122 12200001  0 0.5 0.5 
123 12300000  1 0.0 1.0 
123 12300001  0 1.0 0.0 
124 12400000  0 1.0 0.0 
124 12400001  0 1.0 0.0 
125 12500000  0 1.0 0.0 
125 12500001  0 1.0 0.0 
126 12600000  1 0.5 0.5 
126 12600001  1 0.5 0.5 
127 12700000  0 1.0 0.0 
127 12700001  0 1.0 0.0 
128 12800000  0 1.0 0.0 
128 12800001  0 1.0 0.0 
129 12900000  0 1.0 0.0 
129 12900001  0 1.0 0.0 
130 13000000  0 0.5 0.5 
130 13000001  0 0.5 0.5 
131 13100000  0 1.0 0.0 
131 13100001  0 1.0 0.0 
132 13200000  0 1.0 0.0 
132 13200001  0 1.0 0.0 
133 13300000  0 1.0 0.0 
133 13300001  0 1.0 0.0 
134 13400000  0 0.5 0.5 
134 13400001  0 1.0 0.0 
135 13500000  0 1.0 0.0 
135 13500001  1 1.0 0.0 
136 13600000  1 1.0 0.0 
136 13600001  0 1.0 0.0 
137 13700000  0 0.5 0.5 
137 13700001  0 1.0 0.0 
138 13800000  1 1.0 0.0 
138 13800001  0 0.0 1.0 
139 13900000  1 0.5 0.5 
139 13900001  0 1.0 0.0 
140 14000000  1 0.5 0.5 
140 14000001  0 1.0 0.0 
141 14100000  0 0.0 1.0 
141 14100001  0 0.5 0.5 
142 14200000  0 0.5 0.5 
142 14200001  0 1.0 0.0 
143 14300000  1 0.5 0.5 
143 14300001  1 0.5 0.5 
144 14400000  1 0.0 1.0 
144 14400001  1 1.0 0.0 
145 14500000  0 1.0 0.0 
145 14500001  0 1.0 0.0 
146 14600000  1 0.5 0.5 
146 14600001  0 1.0 0.0 
147 14700000  1 0.5 0.5 
147 14700001  1 0.5 0.5 
148 14800000  1 1.0 0.0 
148 14800001  0 1.0 0.0 
149 14900000  1 1.0 0.0 
149 14900001  0 1.0 0.0 
150 15000000  0 1.0 0.0 
150 15000001  1 0.5 0.5 
151 15100000  0 0.5 0.5 
151 15100001  0 0.0 1.0 
152 15200000  0 1.0 0.0 
152 15200001  1 1.0 0.0 
153 15300000  0 1.0 0.0 
153 15300001  0 0.5 0.5 
154 15400000  0 1.0 0.0 
154 15400001  1 0.0 1.0 
155 15500000  0 0.5 0.5 
155 15500001  0 0.5 0.5 
156 15600000  0 1.0 0.0 
156 15600001  0 1.0 0.0 
157 15700000  0 0.5 0.5 
157 15700001  1 1.0 0.0 
158 15800000  0 0.5 0.5 
158 15800001  1 0.0 1.0 
159 15900000  0 0.0 1.0 
159 15900001  0 0.5 0.5 
160 16000000  0 1.0 0.0 
160 16000001  1 0.5 0.5 
161 16100000  1 1.0 0.0 
161 16100001  1 0.5 0.5 
162 16200000  0 1.0 0.0 
162 16200001  0 0.5 0.5 
163 16300000  0 0.5 0.5 
163 16300001  1 0.0 1.0 
164 16400000  1 0.5 0.5 
164 16400001  0 1.0 0.0 
165 16500000  0 1.0 0.0 
165 16500001  0 1.0 0.0 
166 16600000  0 1.0 0.0 
166 16600001  0 0.0 1.0 
167 16700000  1 0.5 0.5 
167 16700001  0 1.0 0.0 
168 16800000  0 0.5 0.5 
168 16800001  0 1.0 0.0 
169 16900000  0 1.0 0.0 
169 16900001  1 0.0 1.0 
170 17000000  0 0.5 0.5 
170 17000001  0 1.0 0.0 
171 17100000  0 0.0 1.0 
171 17100001  0 1.0 0.0 
172 17200000  0 1.0 0.0 
172 17200001  1 0.5 0.5 
173 17300000  0 0.5 0.5 
173 17300001  1 0.5 0.5 
174 17400000  0 1.0 0.0 
174 17400001  1 0.5 0.5 
175 17500000  0 1.0 0.0 
175 17500001  0 1.0 0.0 
176 17600000  0 1.0 0.0 
176 17600001  1 0.5 0.5 
177 17700000  0 1.0 0.0 
177 17700001  0 1.0 0.0 
178 17800000  1 0.0 1.0 
178 17800001  0 1.0 0.0 
179 17900000  1 0.5 0.5 
179 17900001  0 1.0 0.0 
180 18000000  0 0.5 0.5 
180 18000001  0 1.0 0.0 
181 18100000  1 0.0 1.0 
181 18100001  0 1.0 0.0 
182 18200000  0 1.0 0.0 
182 18200001  0 0.5 0.5 
183 18300000  0 1.0 0.0 
183 18300001  0 1.0 0.0 
184 18400000  0 1.0 0.0 
184 18400001  1 1.0 0.0 
185 18500000  1 0.5 0.5 
185 18500001  0 1.0 0.0 
186 18600000  0 1.0 0.0 
186 18600001  0 1.0 0.0 
187 18700000  0 0.5 0.5 
187 18700001  0 1.0 0.0 
188 18800000  1 1.0 0.0 
188 18800001  0 1.0 0.0 
189 18900000  0 0.5 0.5 
189 18900001  1 0.5 0.5 
190 19000000  1 0.0 1.0 
190 19000001  0 0.5 0.5 
191 19100000  1 1.0 0.0 
191 19100001  0 0.5 0.5 
192 19200000  0 1.0 0.0 
192 19200001  0 1.0 0.0 
193 19300000  0 1.0 0.0 
193 19300001  0 0.5 0.5 
194 19400000  0 1.0 0.0 
194 19400001  1 0.5 0.5 
195 19500000  0 1.0 0.0 
195 19500001  1 1.0 0.0 
196 19600000  1 1.0 0.0 
196 19600001  0 1.0 0.0 
197 19700000  1 0.5 0.5 
197 19700001  1 1.0 0.0 
198 19800000  0 1.0 0.0 
198 19800001  1 1.0 0.0 
199 19900000  1 1.0 0.0 
199 19900001  0 1.0 0.0 
200 20000000  0 1.0 0.0 
200 20000001  0 1.0 0.0 
