FID ID FA MO SEX Affection SNP1 SNP2 SNP3 SNP4 SNP5 SNP6 SNP7 SNP8 SNP9 SNP10 SNP11 SNP12 SNP13 SNP14 SNP15 SNP16 SNP17 SNP18 SNP19 SNP20 SNP21 SNP22 SNP23 SNP24 SNP25 SNP26 SNP27 SNP28 SNP29 SNP30 SNP31 SNP32 SNP33 SNP34 SNP35 SNP36 SNP37 SNP38 SNP39 SNP40 SNP41 SNP42 SNP43 SNP44 SNP45 SNP46 SNP47 SNP48 SNP49 SNP50 SNP51 SNP52 SNP53 SNP54 SNP55 SNP56 SNP57 SNP58 SNP59 SNP60 SNP61 SNP62 SNP63 SNP64 SNP65 SNP66 SNP67 SNP68 SNP69 SNP70 SNP71 SNP72 SNP73 SNP74 SNP75 SNP76 SNP77 SNP78 SNP79 SNP80 SNP81 SNP82 SNP83 SNP84 SNP85 SNP86 SNP87 SNP88 SNP89 SNP90 SNP91 SNP92 SNP93 SNP94 SNP95 SNP96 SNP97 SNP98 SNP99 SNP100 
1 10000 0 0 1 0  2 2 2 2 2 1 2 0 1 2 1 1 2 2 2 1 2 2 2 2 2 2 1 2 1 2 2 2 2 2 1 2 1 1 2 2 1 0 2 2 2 2 2 1 1 2 2 2 2 1 2 1 1 1 2 2 1 2 1 1 2 2 2 2 2 2 2 2 2 2 2 1 2 2 1 2 2 2 2 2 2 1 2 2 2 2 1 2 2 2 2 2 2 2 2 2 1 2 1 2 
1 10001 0 0 2 0  1 1 2 2 0 2 2 1 0 1 1 2 2 2 1 2 1 2 1 2 2 2 1 2 1 1 2 2 1 1 2 2 2 0 2 1 2 2 1 2 1 2 1 2 0 1 2 2 2 2 2 2 2 0 2 1 2 2 2 1 2 2 1 2 2 0 1 2 2 2 1 2 2 2 2 2 2 2 2 2 1 1 2 2 2 2 2 2 1 2 1 2 2 2 2 2 1 1 2 1 
2 20000 0 0 1 0  1 1 2 2 1 2 2 0 2 2 2 2 2 1 2 2 1 1 2 2 1 2 1 0 2 2 1 2 2 2 2 2 2 2 2 1 2 2 2 2 1 2 1 2 1 2 1 2 2 2 1 1 2 1 2 2 2 1 2 2 2 2 2 1 2 1 2 2 2 2 2 1 1 2 2 2 2 1 2 2 2 2 2 2 2 1 2 2 2 2 1 2 2 2 1 2 2 2 2 1 
2 20001 0 0 2 1  1 1 2 1 2 2 2 2 2 1 2 2 2 2 1 2 2 2 2 2 1 2 1 2 2 1 2 2 1 2 2 2 2 2 2 2 0 2 2 2 2 1 2 2 2 2 1 2 1 2 2 2 1 1 2 1 2 1 2 2 2 2 2 1 2 2 1 2 2 2 2 2 2 1 1 2 1 0 1 1 2 1 2 2 2 1 1 2 1 1 1 1 1 2 2 2 1 1 2 2 
3 30000 0 0 1 0  2 2 2 2 1 2 2 2 2 2 1 2 1 2 2 2 2 1 2 2 2 2 1 1 2 2 1 2 2 2 2 0 1 2 2 2 2 2 2 1 2 0 2 1 1 1 1 2 2 1 2 2 2 1 2 2 2 2 2 1 1 1 2 1 2 2 2 2 2 2 2 2 1 1 2 2 2 2 1 2 2 2 2 1 2 2 2 2 2 2 1 2 0 1 2 1 1 2 2 2 
3 30001 0 0 2 0  2 2 2 2 2 1 2 2 2 1 1 1 0 2 2 2 2 1 2 2 2 1 2 2 2 1 2 2 2 2 2 2 2 2 2 2 2 1 1 1 2 1 2 1 2 2 1 1 1 2 1 2 1 2 2 1 1 2 2 2 2 2 2 1 2 1 1 2 2 2 2 2 1 2 2 1 1 2 2 2 2 2 1 2 2 1 2 1 2 2 2 1 2 1 2 2 2 1 1 1 
4 40000 0 0 1 0  1 2 2 1 0 2 2 2 2 1 2 2 1 1 2 1 1 2 1 1 2 2 2 2 2 2 1 2 2 0 1 1 2 2 2 0 1 1 2 2 1 2 1 2 1 2 1 1 2 1 2 2 1 2 2 2 1 2 1 2 2 1 1 1 1 2 1 2 2 2 2 1 1 2 2 2 1 2 2 2 2 2 2 1 2 1 2 2 1 2 1 2 2 2 2 2 2 2 1 1 
4 40001 0 0 2 0  1 1 1 2 1 2 1 2 2 2 2 2 2 2 2 2 1 1 2 2 1 2 0 1 1 2 2 2 2 2 1 2 2 1 2 2 1 1 1 2 2 2 2 2 2 1 0 2 1 2 2 1 1 2 2 1 2 2 1 2 1 1 2 1 2 2 1 2 2 2 2 2 1 2 2 1 2 2 0 2 1 1 2 2 2 2 1 2 2 1 2 1 2 2 1 1 2 0 1 1 
5 50000 0 0 1 0  2 2 2 2 2 2 2 2 1 0 2 2 2 2 2 2 2 2 1 2 2 2 2 1 2 1 1 2 2 2 1 2 2 2 2 2 2 1 1 1 2 1 2 2 0 2 2 2 2 2 0 2 2 2 2 1 1 1 2 2 0 2 2 2 1 2 1 1 2 2 1 2 2 2 2 1 2 2 0 2 0 2 2 1 0 2 1 2 2 0 2 1 2 1 2 2 2 1 2 2 
5 50001 0 0 2 0  2 1 2 2 2 2 1 2 1 2 2 2 1 1 2 1 2 1 1 1 1 2 1 2 2 2 2 2 2 2 2 2 1 2 1 1 2 2 1 2 2 2 1 2 2 2 2 2 2 2 2 2 1 1 1 2 2 2 1 2 1 2 2 2 1 2 2 2 2 2 2 1 1 1 2 2 2 2 2 2 1 2 2 1 2 2 1 1 2 1 2 2 2 2 2 2 2 1 2 2 
6 60000 0 0 1 0  2 2 2 2 2 2 2 1 2 2 0 2 2 2 2 2 2 1 2 2 2 2 2 2 2 2 2 2 2 1 1 1 2 2 1 1 2 1 2 1 1 0 0 2 1 2 2 0 2 2 1 2 2 1 2 0 2 2 1 0 2 2 2 2 2 1 2 1 1 2 2 2 1 1 1 2 2 2 2 2 2 1 1 2 1 2 2 2 0 2 2 1 1 2 2 1 2 2 2 1 
6 60001 0 0 2 0  2 2 2 2 2 2 2 2 2 2 2 2 1 2 1 0 2 2 2 1 1 2 0 2 2 2 2 1 2 2 1 2 1 2 2 2 2 2 2 2 2 2 2 2 2 1 1 1 2 2 2 1 2 2 2 2 2 1 0 2 1 2 2 1 2 1 2 1 2 2 2 2 1 2 2 2 2 2 1 2 2 1 2 1 1 2 1 2 1 1 2 2 1 1 1 2 2 2 1 2 
7 70000 0 0 1 1  2 1 2 2 1 1 2 2 1 1 1 2 1 1 2 1 1 2 2 2 2 2 2 2 2 2 2 1 1 2 1 2 1 2 2 2 2 2 2 2 1 0 2 2 1 2 1 2 1 1 2 2 2 2 1 2 2 2 1 1 1 2 2 2 2 1 2 2 1 2 2 1 2 1 1 2 2 2 2 1 2 1 1 2 1 2 2 2 2 2 2 2 2 2 1 2 2 1 1 2 
7 70001 0 0 2 0  2 1 1 1 1 2 2 2 2 2 2 2 2 2 1 2 1 2 2 2 1 1 1 2 2 2 2 1 2 1 1 1 1 1 1 1 1 2 2 1 2 2 2 2 2 2 2 2 1 1 2 2 2 2 1 2 2 1 1 2 2 1 2 1 1 2 2 2 2 1 2 2 1 2 1 1 2 1 2 1 2 1 2 1 2 1 2 1 1 2 2 0 2 2 2 2 2 2 2 2 
8 80000 0 0 1 0  2 2 1 2 2 2 2 2 1 1 0 2 1 2 2 1 2 2 2 2 2 1 2 1 2 1 2 1 2 2 2 1 2 1 2 2 2 2 0 1 2 2 2 2 2 2 0 2 1 1 2 2 2 1 2 2 2 2 2 1 1 2 2 1 1 2 2 1 2 2 2 2 2 2 1 2 2 0 2 2 1 2 1 1 2 2 2 2 2 2 2 2 2 2 2 2 1 2 2 2 
8 80001 0 0 2 0  1 2 1 2 1 2 2 1 2 2 2 2 2 2 1 2 2 1 2 2 2 2 2 1 2 2 2 1 2 2 2 0 2 0 2 2 2 2 2 2 2 2 2 2 2 2 2 2 1 2 2 2 2 1 2 0 1 2 2 1 2 2 2 1 2 2 2 1 2 2 2 2 2 2 1 2 2 2 1 1 2 2 2 2 2 2 2 2 1 2 2 1 2 1 2 2 2 2 1 1 
9 90000 0 0 1 0  2 2 2 2 2 2 1 2 2 2 2 2 1 2 2 2 1 2 2 2 2 1 1 2 1 2 2 2 1 2 2 2 2 2 1 2 1 2 2 1 2 1 2 2 2 2 2 2 2 2 2 1 2 2 2 1 2 2 1 2 2 1 1 2 1 2 2 2 0 2 1 2 2 1 2 2 2 2 1 2 2 0 2 2 2 1 2 2 1 2 1 1 2 2 1 2 1 1 2 1 
9 90001 0 0 2 1  2 2 2 2 2 2 2 2 1 2 0 2 2 1 1 2 1 2 2 2 2 2 2 2 2 2 2 1 2 2 1 1 2 2 2 2 2 1 2 2 2 2 2 2 2 2 1 1 1 1 2 2 1 1 2 1 1 1 1 1 0 2 2 2 2 2 2 2 2 1 2 2 1 2 2 1 2 2 1 2 1 1 1 2 1 2 2 2 2 2 2 1 2 1 1 1 1 2 2 2 
10 100000 0 0 1 1  1 2 2 2 2 2 2 2 2 1 2 2 2 2 1 2 1 2 0 2 1 2 2 2 1 1 2 2 1 1 2 1 2 1 2 2 2 1 2 2 2 0 1 1 2 2 1 2 2 2 1 1 2 2 2 2 1 2 2 2 2 2 1 2 2 2 1 2 2 1 2 1 2 2 2 2 1 1 2 2 0 1 2 2 2 2 2 1 2 2 1 2 1 2 0 2 1 2 2 0 
10 100001 0 0 2 1  2 2 2 2 2 1 2 2 2 1 2 2 1 2 1 2 2 1 2 2 2 2 0 1 2 2 2 2 2 2 1 2 2 2 2 2 2 2 1 1 2 0 1 2 2 2 2 2 1 2 2 2 0 1 1 1 1 1 2 2 2 2 2 1 2 2 2 2 1 1 2 2 1 2 2 1 2 2 2 2 2 1 2 2 2 1 2 2 1 1 2 2 2 2 2 1 2 1 2 0 
11 110000 0 0 1 0  2 2 2 2 1 2 2 2 2 1 2 1 2 2 2 1 2 2 1 2 2 2 1 2 2 1 2 2 2 2 1 2 1 2 2 2 1 1 1 2 2 2 1 2 1 2 2 1 2 1 2 2 1 2 1 2 2 2 2 2 2 2 0 1 1 2 1 1 2 2 1 2 2 0 0 1 2 1 1 2 2 1 2 2 2 1 1 2 2 1 2 2 2 2 1 2 2 2 2 2 
11 110001 0 0 2 0  2 2 2 2 1 1 2 1 2 2 1 1 2 2 2 2 2 1 2 2 1 2 2 2 2 2 2 1 2 2 2 1 2 1 2 2 1 1 2 1 0 1 2 1 1 2 1 2 1 2 2 2 2 1 1 2 2 2 2 1 2 2 2 1 2 2 2 2 2 2 2 1 2 2 2 1 1 2 2 1 2 1 1 2 2 1 2 2 2 2 2 2 1 2 0 2 1 2 1 2 
12 120000 0 0 1 1  2 2 1 1 2 2 1 2 2 1 2 2 1 1 2 2 1 1 2 1 1 2 2 2 2 1 1 1 2 1 2 2 1 2 2 2 2 2 2 2 2 1 1 2 2 1 2 2 1 2 1 2 2 1 1 2 1 2 2 1 2 1 2 2 1 1 2 1 2 1 2 2 1 1 2 2 2 1 2 1 2 1 0 2 2 2 2 1 1 2 2 2 2 2 2 1 2 1 1 2 
12 120001 0 0 2 0  2 2 2 1 1 2 2 1 2 2 1 2 2 2 2 1 2 2 1 2 1 1 1 1 1 2 1 0 0 2 1 2 2 1 2 1 2 1 1 2 2 2 2 2 1 1 2 2 2 2 2 2 2 2 2 2 2 2 2 1 2 0 2 2 2 1 1 2 2 2 2 1 2 2 1 2 2 2 2 1 2 2 1 2 2 2 1 2 2 2 2 2 2 2 2 2 1 2 1 2 
13 130000 0 0 1 0  2 2 2 1 2 2 2 2 2 0 1 2 1 2 2 1 2 2 1 2 1 1 2 2 1 2 2 1 2 1 2 2 2 1 2 1 2 2 2 2 2 2 2 1 2 1 1 1 2 2 1 1 1 2 2 2 1 1 2 2 2 1 1 1 2 2 2 2 2 1 1 1 2 2 2 1 2 2 2 2 1 2 2 1 2 2 2 2 2 2 2 2 1 1 2 2 2 1 2 2 
13 130001 0 0 2 0  2 2 2 1 2 2 2 2 2 1 1 1 2 2 2 2 2 1 1 2 1 2 1 2 2 2 2 2 1 1 2 1 2 2 1 2 1 2 2 2 2 2 1 2 1 2 2 2 1 1 1 2 2 2 1 1 2 2 2 2 2 2 2 1 2 2 2 2 2 2 2 1 2 2 1 1 2 2 1 2 2 2 2 2 1 2 2 2 1 2 2 2 2 0 1 1 2 2 2 2 
14 140000 0 0 1 1  2 0 2 1 2 2 1 2 2 1 2 1 1 1 2 2 2 2 2 1 2 2 2 1 2 1 2 2 1 1 2 2 2 2 2 1 2 2 1 2 1 2 0 1 2 2 1 1 2 2 2 2 0 2 2 2 1 1 2 2 2 2 1 1 2 1 0 1 1 2 2 2 2 2 2 1 2 2 2 1 1 2 2 2 2 2 2 2 1 2 2 2 2 2 1 1 2 2 1 2 
14 140001 0 0 2 0  2 2 2 2 1 2 2 2 2 2 2 1 2 2 2 1 1 2 2 2 1 2 2 1 1 2 1 2 2 1 2 2 1 1 2 2 1 2 1 2 2 2 0 2 2 2 2 1 1 2 2 2 1 1 2 1 1 1 1 2 2 2 2 2 2 2 1 1 2 2 1 1 2 2 2 2 1 2 2 2 2 2 1 2 2 1 2 2 0 1 2 2 1 2 2 2 2 2 2 1 
15 150000 0 0 1 1  2 2 2 1 2 2 2 2 1 2 2 2 2 2 1 2 2 2 2 1 2 2 2 2 2 1 0 2 2 0 2 2 2 2 2 1 1 2 2 2 2 2 2 2 2 2 2 1 1 2 2 2 2 2 1 2 1 2 2 2 2 2 2 1 2 1 1 1 2 1 1 2 2 2 1 1 2 2 2 0 1 1 2 2 2 2 2 2 2 1 1 1 2 1 2 2 2 2 2 1 
15 150001 0 0 2 0  1 2 2 2 2 1 2 1 2 1 1 2 1 2 2 1 2 1 2 1 1 2 2 2 2 2 2 2 2 1 2 0 2 2 1 1 2 2 1 2 2 1 1 2 1 2 1 2 2 2 0 2 0 2 2 2 1 2 2 2 2 1 1 2 2 2 2 2 2 1 1 2 2 2 1 2 1 2 1 2 2 2 2 2 1 2 2 1 2 1 2 2 2 1 2 1 1 1 2 2 
16 160000 0 0 1 1  2 1 1 1 2 1 2 1 0 2 2 2 1 1 1 1 2 2 2 2 2 2 2 1 2 2 2 2 2 2 1 2 2 2 1 1 2 2 1 1 1 1 2 1 1 2 2 2 2 2 2 2 2 2 2 2 2 2 2 1 1 1 0 2 2 2 2 2 0 2 2 1 2 2 2 1 2 1 2 2 1 1 2 2 2 2 2 2 2 2 1 2 2 2 2 2 2 2 2 2 
16 160001 0 0 2 0  2 1 2 0 2 1 1 2 2 1 2 2 2 1 2 2 2 2 1 2 2 1 2 2 1 1 2 2 2 2 2 2 1 2 2 1 2 2 2 2 2 2 2 1 2 2 0 2 1 1 2 1 1 1 1 2 2 2 1 2 2 2 0 1 2 2 1 2 2 1 1 2 1 2 2 2 2 0 2 2 1 2 1 1 2 2 2 1 2 2 1 1 1 1 2 2 2 1 2 2 
17 170000 0 0 1 0  2 2 2 2 2 1 2 1 2 2 2 1 2 1 2 1 0 1 2 2 2 2 2 1 2 2 2 1 2 1 1 2 2 2 1 1 2 2 1 2 2 2 2 1 0 2 1 2 1 2 1 2 1 2 2 2 2 2 1 1 0 2 2 1 2 2 2 2 2 2 2 1 1 2 2 2 2 1 1 2 2 2 2 2 2 2 2 2 2 2 1 2 2 2 2 1 2 1 2 2 
17 170001 0 0 2 0  2 2 1 1 1 1 2 1 1 2 2 2 2 2 2 1 2 2 2 1 2 2 1 0 2 2 1 2 1 0 1 2 2 2 1 2 1 2 0 1 2 2 2 1 2 2 1 2 1 2 2 1 2 1 2 0 1 2 2 2 2 0 2 2 2 2 1 0 2 1 2 2 2 2 1 1 2 2 1 2 1 1 2 2 1 2 1 2 1 1 2 2 2 1 2 1 1 2 2 1 
18 180000 0 0 1 0  2 2 2 2 2 1 2 2 1 2 2 2 1 1 1 2 2 2 2 2 2 2 2 1 2 2 0 1 2 1 2 2 2 2 2 2 1 1 2 2 2 2 2 2 0 2 2 2 2 2 2 1 1 1 2 2 2 2 1 2 1 2 2 1 2 2 2 1 2 2 1 1 2 2 1 2 2 1 2 1 2 2 1 2 2 1 2 2 2 2 2 1 1 1 2 2 1 2 1 1 
18 180001 0 0 2 0  2 2 2 2 0 1 0 2 0 1 1 2 2 2 1 1 1 2 2 1 2 1 2 2 1 2 2 2 2 2 2 1 2 2 2 1 1 2 1 2 1 2 1 2 2 2 2 2 1 2 1 2 2 1 1 2 2 2 0 1 2 2 1 2 2 2 1 1 2 2 0 2 1 2 2 2 2 2 2 2 1 1 2 2 2 2 2 2 2 2 1 1 2 2 2 1 2 2 1 2 
19 190000 0 0 1 1  2 1 2 2 1 1 2 2 2 2 2 1 2 1 2 2 2 1 2 2 2 2 1 2 2 2 2 2 1 0 2 2 1 2 2 1 2 2 2 2 1 2 2 2 2 2 1 2 2 2 2 1 1 2 1 1 2 2 2 1 2 2 1 1 1 1 1 2 1 2 2 2 2 1 0 2 2 2 2 2 0 2 2 1 1 1 2 2 1 2 2 2 2 2 2 0 1 1 2 1 
19 190001 0 0 2 0  2 1 2 0 2 2 2 2 2 2 2 1 0 1 2 2 2 2 2 2 1 2 2 1 2 2 2 1 2 2 2 2 2 1 2 2 2 1 1 1 2 2 1 2 2 0 2 1 0 2 2 2 2 2 2 1 2 2 2 2 2 2 2 2 2 2 2 2 1 2 2 2 2 2 1 1 1 2 2 2 1 1 0 2 2 2 2 2 2 2 0 2 2 2 2 1 2 1 1 2 
20 200000 0 0 1 0  1 2 2 2 2 2 1 2 2 1 1 2 2 2 1 2 2 2 2 1 2 1 2 2 2 2 2 2 2 2 1 1 2 2 2 2 2 2 2 0 2 2 2 0 2 2 2 2 1 2 2 2 0 1 1 2 2 2 2 2 2 1 2 2 2 2 0 0 2 1 2 2 2 1 1 1 2 1 1 2 2 2 2 1 1 2 1 2 1 2 2 2 1 2 1 2 2 2 2 1 
20 200001 0 0 2 0  2 2 2 2 1 1 2 1 1 1 2 2 2 2 2 2 2 2 2 2 1 1 2 1 1 1 2 2 0 2 2 2 2 1 2 2 2 2 1 2 1 2 1 2 2 2 2 2 1 1 1 2 2 2 0 2 2 1 1 2 2 2 1 2 1 2 2 2 2 2 2 2 2 2 2 2 2 2 2 2 1 1 2 2 2 1 1 2 2 1 1 1 1 2 1 1 1 2 2 1 
21 210000 0 0 1 0  2 2 2 2 2 2 2 2 2 1 2 2 2 2 2 1 2 2 0 1 2 2 2 2 1 2 2 2 2 2 1 2 2 2 2 2 2 2 2 2 2 2 1 2 1 1 1 2 2 0 2 2 1 2 1 2 2 1 1 2 2 2 2 2 2 1 2 2 2 1 2 2 2 2 2 0 2 2 2 1 2 2 1 2 2 1 2 2 2 2 1 2 2 2 2 2 1 2 2 2 
21 210001 0 0 2 0  2 1 1 2 2 2 2 2 2 2 1 2 2 2 0 2 2 2 2 2 2 2 1 2 2 2 2 1 2 2 2 2 1 1 2 2 2 2 1 2 2 2 2 2 2 0 1 2 2 2 1 2 2 2 1 2 1 2 2 1 1 2 2 2 1 2 1 2 2 2 2 2 2 2 1 2 2 2 2 2 2 2 1 2 2 1 2 2 1 2 2 2 2 2 2 1 2 2 2 2 
22 220000 0 0 1 0  1 2 1 1 2 2 1 1 1 2 1 2 1 2 2 2 1 2 2 2 1 1 2 2 1 2 2 2 1 2 2 2 2 2 2 1 1 1 2 2 1 2 2 2 1 0 2 1 1 2 2 2 1 2 2 2 2 2 1 1 2 2 1 2 2 2 2 2 2 1 1 2 1 2 2 1 1 2 2 2 2 2 2 2 1 2 2 1 2 2 1 1 2 2 2 2 1 1 2 1 
22 220001 0 0 2 1  2 2 2 1 2 0 2 2 2 2 2 2 1 2 1 2 1 1 2 2 1 1 2 2 0 1 2 2 2 2 2 2 2 2 1 2 2 2 1 1 1 2 2 2 2 2 1 2 2 2 2 2 1 2 1 2 2 1 2 2 2 2 2 2 2 2 2 1 2 2 2 1 2 2 2 2 2 2 2 1 2 1 1 2 2 2 2 1 2 2 2 2 1 2 1 2 1 2 1 2 
23 230000 0 0 1 0  1 2 2 2 2 2 2 1 2 2 2 1 2 2 2 0 2 2 0 2 2 1 2 2 1 2 2 2 1 2 2 2 1 1 2 2 1 2 1 2 2 2 2 1 1 0 2 2 1 1 1 2 2 1 2 2 1 1 2 2 2 2 2 1 2 1 2 2 1 1 1 2 2 1 2 2 0 1 2 2 2 2 2 2 2 2 1 1 2 2 2 1 2 1 1 2 2 2 2 2 
23 230001 0 0 2 0  2 2 2 2 2 2 2 2 2 2 2 2 1 2 1 2 2 2 1 2 2 2 2 2 1 2 1 2 2 2 2 1 2 2 2 2 2 2 2 1 0 2 1 2 1 2 2 2 2 2 2 2 2 2 1 1 1 1 2 2 2 2 1 2 2 2 2 1 2 0 2 1 1 1 1 2 1 2 2 2 0 2 1 1 2 1 1 1 2 1 1 2 2 1 1 2 2 2 2 1 
24 240000 0 0 1 0  1 2 2 1 1 2 1 2 1 1 0 0 1 0 2 2 1 2 0 1 2 1 1 2 2 2 2 1 1 1 1 2 2 2 2 2 2 2 2 2 1 2 1 1 2 1 2 2 1 1 2 2 2 1 2 2 1 2 2 2 2 2 2 2 1 2 2 2 2 2 2 2 1 2 2 2 2 2 2 1 2 2 2 2 2 2 1 2 2 1 2 2 2 2 1 1 2 2 2 2 
24 240001 0 0 2 0  2 2 0 2 2 1 0 2 1 0 2 2 1 2 1 2 1 2 2 2 2 2 2 2 2 2 2 2 2 2 2 2 1 1 2 2 1 1 1 1 2 1 2 2 2 2 2 1 1 2 2 1 2 2 2 1 2 1 2 1 1 2 1 2 1 1 2 1 2 2 2 2 1 2 1 2 2 2 2 2 2 1 2 2 2 1 2 2 2 2 1 1 2 2 1 2 2 2 2 2 
25 250000 0 0 1 0  2 2 2 2 2 2 2 1 1 2 2 1 1 2 2 1 1 1 1 1 2 2 2 1 1 2 1 1 2 2 2 2 2 1 1 1 2 2 1 2 1 2 2 2 1 2 2 2 1 2 2 2 2 2 2 2 2 2 1 0 2 2 1 1 1 2 2 2 2 2 1 1 2 1 2 2 2 2 2 1 1 2 2 1 2 1 2 0 2 0 2 1 2 2 2 2 2 2 2 2 
25 250001 0 0 2 0  2 1 2 2 2 2 2 2 2 2 2 1 1 1 1 2 1 2 2 2 2 1 2 2 2 1 1 2 2 2 2 1 0 2 2 2 1 2 1 2 2 2 2 1 1 2 2 1 2 1 1 1 1 0 1 1 2 1 1 2 2 1 1 1 2 2 2 2 1 2 2 2 1 2 2 2 2 2 2 1 1 1 1 2 1 2 2 2 2 2 1 1 2 2 1 1 1 2 2 2 
26 260000 0 0 1 0  1 2 2 2 2 2 2 1 2 2 2 1 2 2 2 0 2 1 2 0 1 2 2 2 2 2 2 2 1 1 2 1 1 1 2 1 1 2 2 1 2 2 2 1 2 2 2 2 2 1 2 0 2 2 2 2 2 1 2 2 1 2 1 1 1 1 2 1 2 1 2 1 2 1 1 1 2 1 1 2 2 2 0 1 1 1 2 1 2 2 1 2 2 1 0 2 2 1 2 1 
26 260001 0 0 2 0  2 2 2 2 2 2 2 1 2 1 2 1 2 2 2 2 1 1 2 2 2 1 2 2 2 2 1 1 1 2 1 2 1 2 1 2 2 2 1 2 2 2 2 2 2 1 2 2 2 1 2 1 2 2 2 1 1 1 2 2 0 2 1 2 2 2 2 1 2 1 1 2 2 2 2 1 1 1 2 2 2 1 2 2 2 1 1 2 1 0 2 2 2 1 2 2 2 1 2 1 
27 270000 0 0 1 0  2 2 2 1 1 1 1 2 1 1 1 2 2 2 2 2 1 2 1 1 1 2 2 2 1 2 2 2 2 2 2 2 1 2 1 0 2 2 1 0 2 2 1 2 1 1 2 2 1 1 1 2 2 1 2 2 2 2 2 1 2 2 2 2 1 1 1 2 2 1 1 2 2 2 1 1 1 2 2 2 1 1 2 1 1 2 2 1 1 2 1 2 1 2 1 1 2 2 2 2 
27 270001 0 0 2 0  1 2 2 2 1 2 2 2 2 2 2 1 2 1 1 1 2 2 2 2 2 2 1 2 1 2 1 1 2 2 1 1 1 2 2 1 2 2 1 2 2 2 2 2 1 2 2 2 2 2 0 2 2 2 1 2 2 1 1 2 2 2 1 1 1 1 2 1 1 2 1 2 2 0 2 2 2 2 1 1 2 1 2 1 2 1 2 2 1 2 1 1 2 2 0 2 2 0 1 1 
28 280000 0 0 1 1  1 0 2 2 1 2 1 2 2 2 2 2 2 1 1 1 2 1 2 2 1 2 1 1 2 2 2 2 2 2 2 2 1 2 0 2 2 1 2 1 2 1 2 2 2 2 2 2 2 2 1 1 2 2 1 1 2 2 2 2 2 1 1 1 2 2 2 0 2 1 2 2 1 2 2 2 2 1 1 1 2 2 1 2 1 2 2 1 2 2 2 1 2 2 2 2 1 1 2 2 
28 280001 0 0 2 0  2 1 2 2 2 2 2 1 2 2 2 2 2 2 2 0 0 1 2 2 2 1 1 2 2 1 1 2 1 1 2 1 2 2 2 1 0 2 2 2 1 1 2 2 1 2 1 2 2 2 1 2 2 2 2 2 2 2 1 2 2 2 1 2 2 2 2 1 2 2 2 2 2 2 2 2 2 2 1 2 2 2 2 2 2 2 2 1 1 1 2 2 2 2 1 1 1 2 1 1 
29 290000 0 0 1 0  1 2 2 2 2 2 2 2 2 2 1 1 1 2 1 2 1 1 2 2 2 1 2 2 2 2 2 1 2 2 1 0 1 2 1 1 2 1 2 2 2 2 2 2 2 2 1 2 2 2 1 1 0 2 2 1 1 1 2 1 2 2 1 2 1 2 2 1 1 2 2 2 0 2 2 0 2 2 2 2 1 1 2 2 2 1 2 2 1 2 2 2 1 2 1 2 2 2 2 2 
29 290001 0 0 2 0  1 2 2 2 2 2 2 2 2 2 2 2 2 1 2 2 2 2 2 1 1 1 2 2 2 2 1 1 2 2 2 2 1 1 2 2 2 2 2 0 1 1 1 2 2 2 0 2 1 2 2 2 2 1 1 2 2 1 2 2 1 1 2 2 1 2 1 1 1 2 1 2 1 2 2 2 1 2 2 2 2 1 0 2 2 2 2 2 2 2 2 2 2 2 2 2 2 2 1 1 
30 300000 0 0 1 0  1 1 2 2 2 2 2 2 1 2 2 2 1 1 1 2 2 2 2 2 2 1 2 1 1 2 1 1 1 2 2 1 1 2 2 1 1 2 1 2 2 2 2 1 1 2 2 2 1 2 2 2 1 0 1 2 2 2 1 2 1 1 2 2 2 2 2 2 2 1 2 2 2 2 1 2 2 2 2 2 2 2 0 2 1 1 1 2 2 2 2 2 2 1 2 2 2 2 1 2 
30 300001 0 0 2 0  1 2 1 1 2 2 2 2 1 2 1 2 2 2 2 1 1 2 2 2 2 2 1 0 1 2 2 2 1 2 2 2 1 2 2 2 2 1 1 2 2 0 2 2 2 2 2 2 2 2 2 2 2 2 2 2 0 2 2 2 2 2 2 2 2 2 2 2 1 2 2 2 2 2 2 2 2 2 2 1 2 2 1 2 2 2 0 2 2 1 2 0 2 2 2 2 1 1 1 2 
31 310000 0 0 1 0  1 2 1 2 2 2 2 2 1 1 2 1 2 2 1 2 1 2 1 1 2 2 2 2 2 2 2 2 1 2 1 1 2 1 1 2 1 2 2 2 2 2 2 1 1 2 1 2 2 2 1 2 2 1 1 2 2 1 2 1 2 2 2 1 2 1 0 1 2 2 1 0 1 1 2 2 2 1 1 2 2 1 1 2 2 2 2 2 2 1 1 2 2 2 1 2 2 2 1 2 
31 310001 0 0 2 0  2 1 1 1 2 2 0 2 2 2 2 1 2 1 1 2 2 2 2 2 1 2 0 2 2 1 1 1 2 2 2 2 2 2 2 1 2 2 2 2 1 1 0 1 2 2 2 2 2 2 1 0 1 2 2 1 1 2 2 2 2 2 1 2 2 2 2 2 2 1 2 1 2 2 2 2 2 2 1 2 1 2 2 2 1 1 2 2 2 2 0 2 2 1 2 2 2 2 2 0 
32 320000 0 0 1 0  2 2 2 1 1 2 2 2 1 1 2 2 1 2 1 2 1 1 2 2 2 2 1 2 2 2 2 2 2 2 1 1 2 1 2 1 2 1 0 2 2 1 2 2 2 2 2 0 2 1 1 2 2 2 1 2 1 2 1 1 2 2 2 2 2 1 2 1 2 2 2 1 2 2 1 2 1 2 2 2 2 1 2 2 2 1 2 2 2 2 2 2 2 2 2 2 1 2 1 2 
32 320001 0 0 2 0  2 2 2 1 2 1 0 2 2 2 2 1 1 2 2 2 2 2 1 2 2 2 2 2 2 2 2 2 1 2 2 0 2 1 1 1 1 2 2 2 2 2 2 2 2 1 1 2 2 1 2 2 1 2 2 2 1 1 1 2 2 2 2 1 1 2 1 1 2 2 2 2 2 2 2 2 2 2 2 2 2 2 2 0 1 2 2 1 2 2 2 2 1 2 2 2 2 2 1 2 
33 330000 0 0 1 0  2 1 1 2 2 2 2 2 1 1 2 2 1 2 2 1 2 1 2 2 1 2 1 2 1 1 1 1 2 2 2 2 1 2 1 2 2 2 1 2 2 2 2 2 2 2 2 2 2 0 2 2 1 1 1 2 2 2 2 1 1 2 2 2 2 2 2 1 2 2 2 2 2 2 2 2 2 2 2 1 2 2 2 2 2 2 2 2 2 2 1 2 1 1 1 2 1 2 1 1 
33 330001 0 0 2 0  2 0 1 2 1 1 2 2 2 1 1 1 2 2 2 2 2 1 2 2 2 2 2 2 2 2 2 2 2 2 2 2 2 2 2 0 2 2 0 1 2 2 2 1 1 2 2 2 2 2 1 2 2 1 1 1 1 2 2 2 1 1 2 2 1 2 1 1 2 1 1 2 1 2 2 1 1 1 2 0 2 1 1 1 2 2 2 1 2 1 1 2 1 2 1 2 2 2 2 2 
34 340000 0 0 1 1  2 1 1 2 1 2 2 2 1 2 2 0 2 1 2 2 1 2 2 2 1 2 2 2 2 1 2 2 1 2 2 2 2 2 2 2 1 2 2 2 1 1 1 2 1 2 2 1 1 1 0 1 2 2 2 1 1 2 2 2 2 1 2 2 1 1 2 2 2 2 0 1 1 2 2 1 2 0 2 2 2 2 1 2 2 2 2 1 2 2 1 1 1 2 0 2 2 1 2 2 
34 340001 0 0 2 0  1 0 2 2 2 2 1 2 2 1 2 2 2 2 1 2 2 1 2 1 2 2 2 1 2 2 0 2 2 2 1 2 2 2 1 2 1 2 1 1 2 2 1 2 2 1 1 2 1 2 2 2 2 2 2 2 2 2 2 1 2 2 1 2 2 1 2 2 2 2 2 1 2 2 1 1 1 1 2 2 1 2 2 0 2 1 2 1 1 2 1 2 1 2 1 1 1 1 2 2 
35 350000 0 0 1 1  2 2 2 1 1 2 2 1 2 1 2 1 2 1 1 2 2 2 2 0 2 2 1 1 0 1 1 2 2 2 2 1 2 1 2 2 2 2 2 2 2 1 1 2 2 1 1 2 1 2 2 2 2 2 2 2 2 2 2 1 2 2 2 1 2 2 1 1 2 1 1 0 2 1 1 2 1 2 2 2 2 1 2 1 2 2 2 1 2 1 2 2 2 1 2 2 1 2 2 2 
35 350001 0 0 2 1  1 2 1 2 2 2 2 2 2 2 2 1 2 2 1 2 2 1 2 2 1 2 1 1 2 2 2 1 2 2 2 2 2 2 1 2 2 2 1 1 2 2 1 2 2 1 0 2 1 2 2 2 1 2 2 1 2 2 0 2 2 1 1 2 2 2 1 2 2 2 2 2 2 2 1 1 2 2 2 2 1 2 2 2 1 2 0 2 1 2 1 2 2 2 2 1 2 2 2 2 
36 360000 0 0 1 0  1 2 2 2 1 1 1 2 1 2 2 2 2 2 1 1 2 2 1 2 1 2 1 2 2 2 2 1 2 2 2 1 1 2 2 0 2 2 1 2 2 2 2 2 2 2 2 2 2 1 2 2 2 2 2 2 2 2 2 2 2 1 2 1 2 1 2 2 1 2 2 2 1 1 2 2 2 2 2 2 0 1 1 1 2 2 2 1 2 1 1 1 2 1 1 2 1 2 0 2 
36 360001 0 0 2 0  2 1 2 2 1 1 2 2 2 2 1 2 2 1 2 2 1 0 2 2 2 2 2 2 2 2 2 2 0 2 2 2 2 1 1 1 2 1 2 1 2 2 2 2 2 1 1 2 2 2 1 2 2 2 2 1 2 2 2 2 2 2 2 1 2 2 2 2 0 2 1 2 2 2 2 1 2 2 1 1 1 2 2 2 2 2 2 2 1 1 2 1 2 1 0 2 2 1 0 2 
37 370000 0 0 1 0  1 1 2 2 1 2 2 2 2 2 2 2 2 2 2 2 2 1 1 2 1 2 1 2 2 1 1 1 2 2 1 2 2 1 1 2 2 1 2 2 1 2 2 2 1 2 2 2 2 2 2 2 2 2 2 2 2 2 2 1 0 2 1 1 2 2 0 0 2 2 2 1 2 2 1 2 2 0 1 2 1 2 2 1 2 2 2 2 2 2 1 2 2 2 2 1 2 2 2 2 
37 370001 0 0 2 0  1 2 2 1 2 2 0 2 2 2 1 1 1 2 2 2 1 2 2 0 2 2 2 1 1 2 2 2 2 2 2 1 2 2 1 1 2 1 2 1 2 0 2 1 2 2 2 1 2 2 2 2 2 2 0 2 2 1 2 2 2 2 2 2 2 2 2 1 2 2 2 0 2 2 2 2 2 2 2 2 2 2 1 1 2 2 1 1 2 2 2 2 2 2 2 2 2 1 2 2 
38 380000 0 0 1 0  2 1 2 2 2 1 2 0 2 2 2 1 2 1 1 1 2 2 2 2 2 2 1 1 2 1 1 1 2 2 2 2 2 2 2 2 1 1 1 2 2 2 2 1 1 2 2 2 1 2 2 2 1 2 1 2 2 1 1 2 2 2 2 2 1 2 2 2 2 2 2 1 2 1 2 2 1 1 2 2 2 2 2 1 2 1 2 1 1 2 2 2 1 2 2 2 2 1 1 1 
38 380001 0 0 2 1  1 2 1 1 2 2 0 2 2 1 2 0 2 2 2 2 1 1 2 1 1 2 2 2 2 2 2 2 1 2 2 1 2 1 2 2 2 0 2 2 2 2 2 2 2 1 2 2 1 1 2 1 2 2 2 2 2 1 2 2 2 2 2 1 2 2 2 1 2 2 1 2 2 1 1 2 2 2 2 1 1 2 2 2 1 2 1 2 0 2 2 2 0 2 2 2 2 2 0 2 
39 390000 0 0 1 1  2 2 2 1 2 1 1 2 1 2 2 1 2 1 2 2 2 1 1 2 2 1 1 2 2 2 2 1 1 2 1 2 1 2 2 1 2 1 2 2 1 2 2 2 2 2 2 0 1 2 2 2 2 2 2 2 2 2 2 2 2 1 1 1 2 2 2 2 2 2 2 2 2 1 2 1 2 2 2 2 2 1 1 2 1 1 2 2 2 2 1 2 2 2 2 1 1 2 2 2 
39 390001 0 0 2 1  2 1 0 1 2 2 2 2 1 2 2 1 2 2 1 2 2 2 1 2 2 2 1 2 1 2 2 2 1 2 2 1 1 1 2 1 1 2 2 1 1 1 2 2 1 1 1 1 2 1 2 2 2 2 1 1 2 2 2 2 2 1 1 2 2 1 1 2 2 2 1 2 1 1 2 2 2 1 2 0 2 2 1 2 1 1 2 2 1 1 1 2 2 1 2 2 2 2 1 1 
40 400000 0 0 1 1  1 2 1 2 2 2 1 2 2 1 1 2 1 2 2 1 1 2 2 2 1 1 2 2 2 1 2 2 2 2 2 1 2 0 1 2 2 1 2 2 2 2 1 2 2 2 2 2 2 2 2 2 1 1 2 2 1 2 1 2 2 1 2 2 2 2 1 2 1 2 1 2 1 2 2 2 0 1 2 1 2 2 1 2 2 2 2 2 2 2 2 2 2 1 2 2 2 1 2 1 
40 400001 0 0 2 0  2 2 2 2 1 1 2 2 1 1 2 2 2 2 2 1 1 2 1 2 2 1 2 2 2 2 2 0 1 1 2 2 2 2 2 2 2 1 2 2 2 1 2 2 2 2 2 2 2 2 2 2 2 2 2 1 1 0 1 2 1 2 1 2 2 2 2 2 1 1 2 2 1 0 2 2 2 1 1 1 2 0 2 2 2 1 2 2 0 1 1 2 2 2 1 2 2 1 2 1 
41 410000 0 0 1 0  2 2 1 1 2 2 2 2 2 1 1 1 2 1 2 2 2 1 2 2 2 2 2 2 2 2 2 2 1 1 2 2 2 2 2 2 2 2 2 2 2 2 2 2 2 2 2 1 2 2 2 1 2 2 0 2 2 2 2 2 2 2 1 2 2 1 2 2 2 2 2 1 2 2 0 2 1 2 2 2 2 2 2 2 1 2 2 2 1 2 1 2 2 2 1 2 2 2 2 2 
41 410001 0 0 2 0  1 2 2 2 1 2 1 2 2 2 2 2 2 2 1 2 1 1 2 2 2 2 2 2 2 1 1 1 1 2 2 1 1 1 2 2 2 2 2 1 1 2 2 1 2 2 2 2 2 1 2 2 1 1 1 2 2 2 2 1 1 1 2 2 2 2 2 2 2 2 2 1 2 1 1 1 1 2 2 1 2 2 1 2 2 2 2 2 2 1 1 2 2 1 2 2 2 2 2 1 
42 420000 0 0 1 1  2 2 2 2 2 2 2 2 2 1 2 1 2 1 1 1 2 1 1 2 2 1 1 2 2 1 2 2 1 2 2 2 2 2 1 1 2 2 2 2 2 2 1 2 2 2 2 1 2 2 1 2 2 2 2 2 1 2 2 2 2 2 1 2 2 1 2 2 1 2 2 2 2 2 2 0 1 2 1 2 2 1 1 2 2 2 2 2 2 2 2 0 2 1 1 1 2 2 1 1 
42 420001 0 0 2 0  2 1 1 2 2 1 2 2 1 2 2 2 2 2 0 2 2 1 2 1 2 1 2 2 2 2 2 2 2 1 1 1 0 1 2 1 2 2 2 1 2 2 2 2 2 2 2 2 1 2 2 2 2 2 2 1 1 2 1 2 1 2 2 2 1 2 1 2 1 2 2 2 2 2 2 1 1 2 2 2 1 2 2 2 2 2 1 2 1 1 1 2 0 2 2 2 2 2 2 1 
43 430000 0 0 1 0  0 2 0 2 2 2 2 2 2 2 2 2 1 1 2 2 1 2 2 2 2 2 2 2 2 2 2 2 2 2 2 2 1 1 2 2 2 2 2 1 2 2 2 2 2 2 1 2 2 1 2 2 1 1 2 2 2 2 1 2 2 1 2 2 1 2 2 1 2 1 0 1 1 2 1 2 1 2 2 2 2 1 2 0 2 1 2 2 1 0 1 2 0 2 2 1 2 2 1 2 
43 430001 0 0 2 0  2 1 1 2 2 2 2 1 2 1 1 2 2 2 2 1 2 2 1 2 2 1 2 1 2 2 2 1 1 2 1 2 2 1 2 1 2 2 2 2 1 2 2 2 2 2 2 2 2 2 0 1 2 2 2 1 2 2 2 2 1 2 2 2 2 2 2 2 1 1 2 2 2 2 2 2 2 2 1 1 2 1 0 2 2 1 2 2 2 2 0 1 2 1 2 1 2 1 2 2 
44 440000 0 0 1 0  2 2 2 1 2 2 2 2 2 2 2 1 2 2 2 2 1 2 1 2 2 2 2 1 2 2 1 2 2 2 0 2 2 1 2 2 1 2 0 2 2 1 1 2 2 2 2 2 0 1 1 1 2 1 1 2 2 2 0 0 2 2 0 1 1 2 2 1 2 1 2 2 1 2 1 2 2 2 0 1 1 2 1 2 2 2 2 2 1 2 1 1 2 2 2 1 1 0 2 2 
44 440001 0 0 2 0  0 2 1 2 2 2 1 2 2 2 2 2 2 2 0 2 2 2 2 1 2 1 2 1 2 1 2 2 2 2 1 1 2 2 2 2 2 2 0 2 2 2 2 2 1 2 2 2 2 2 2 2 2 0 2 2 2 2 2 2 1 2 2 2 2 2 1 2 2 2 1 2 2 2 2 1 2 2 2 1 1 2 1 2 2 2 2 2 2 2 2 2 1 0 2 2 1 2 2 1 
45 450000 0 0 1 0  2 2 2 1 2 2 1 2 2 2 2 1 2 2 2 2 2 2 2 2 2 2 1 2 1 2 2 2 1 1 2 1 2 2 1 2 2 1 2 2 2 2 0 2 2 1 1 2 2 2 1 1 2 2 2 1 1 1 2 2 0 2 1 2 1 1 2 1 2 1 2 2 2 2 2 1 1 2 2 2 1 1 1 2 2 1 2 2 2 1 2 1 0 2 1 2 2 2 1 2 
45 450001 0 0 2 0  1 2 1 1 2 1 1 2 1 2 2 2 2 2 1 2 2 2 2 1 2 2 2 1 1 1 1 0 2 2 1 2 2 2 2 2 0 2 1 2 2 2 2 2 2 2 1 1 2 2 1 2 2 2 2 1 1 1 0 2 1 2 1 2 2 1 2 1 2 2 2 2 1 2 2 2 2 2 1 0 1 2 2 1 2 1 2 2 1 1 2 1 2 1 2 2 2 2 2 1 
46 460000 0 0 1 0  2 2 2 1 1 2 2 2 1 0 2 2 2 1 1 2 1 2 1 2 2 2 2 2 2 1 2 2 1 1 1 2 2 2 2 1 2 1 1 2 1 2 2 2 2 1 2 2 1 2 2 1 2 2 2 1 1 2 1 2 2 2 2 0 2 2 1 1 1 2 2 1 1 2 2 2 2 2 2 1 2 1 2 2 2 2 1 1 0 0 2 2 2 2 2 1 1 1 2 1 
46 460001 0 0 2 1  2 1 2 2 2 2 2 1 2 1 2 1 2 2 2 2 0 2 2 1 2 2 1 2 2 2 2 2 2 2 1 2 1 1 2 2 2 1 1 2 2 1 1 2 1 2 2 2 2 1 2 1 2 2 2 2 2 2 1 2 2 2 2 2 2 2 1 2 1 1 2 1 2 2 2 1 2 2 1 2 1 2 2 2 2 2 1 2 1 2 1 2 2 2 2 1 1 1 0 2 
47 470000 0 0 1 0  2 2 2 1 1 0 2 2 2 1 2 2 0 2 2 2 2 1 1 1 1 1 2 2 2 1 2 1 2 1 2 2 2 2 1 0 2 1 2 2 2 2 2 2 2 1 2 2 2 2 2 1 2 2 2 2 1 2 2 2 1 2 2 1 2 2 1 1 2 1 2 2 2 2 1 2 1 1 1 2 1 1 1 2 2 2 2 2 2 2 1 0 1 2 1 1 1 2 2 2 
47 470001 0 0 2 0  2 2 2 1 2 1 2 2 2 2 2 1 2 2 2 2 2 1 2 1 2 2 2 1 2 1 1 2 1 2 1 2 2 2 2 2 2 1 1 2 2 1 2 2 2 2 2 2 2 1 2 2 2 2 2 1 2 2 2 1 2 0 2 2 1 1 2 2 2 1 1 2 1 2 1 2 2 2 2 2 1 2 2 2 1 2 1 2 1 1 2 1 2 2 2 2 1 1 1 1 
48 480000 0 0 1 0  2 2 2 1 1 1 2 2 1 1 2 1 2 1 2 2 2 1 2 2 2 2 2 2 2 2 1 2 2 2 2 2 2 1 2 2 2 2 1 2 2 1 1 2 1 2 1 2 2 2 2 2 1 2 2 2 2 2 2 2 2 2 1 2 2 2 1 2 1 2 2 1 2 2 2 1 1 2 2 2 2 2 2 2 2 2 2 2 0 1 2 1 0 1 2 2 1 2 1 0 
48 480001 0 0 2 0  2 1 2 1 2 2 2 2 1 2 2 2 1 2 2 2 2 2 2 0 2 1 2 2 2 1 2 2 1 2 2 1 2 1 1 2 2 2 2 2 2 0 2 2 2 2 1 2 2 1 2 1 1 2 2 2 2 2 1 2 2 1 2 2 2 1 1 0 2 1 2 1 2 2 2 0 2 2 2 2 2 1 2 2 1 2 2 2 2 2 0 2 2 2 2 1 1 1 2 1 
49 490000 0 0 1 0  2 2 2 0 2 1 2 1 1 2 1 2 2 1 2 1 2 2 2 2 2 2 2 2 1 2 1 0 2 1 2 2 1 2 2 1 2 1 2 2 2 2 1 1 2 2 2 2 1 2 1 1 1 2 1 2 2 1 2 1 2 0 2 2 2 2 1 2 2 2 2 2 1 2 2 2 2 2 1 2 1 1 2 2 2 2 2 0 2 2 2 2 1 1 1 2 1 2 2 2 
49 490001 0 0 2 0  2 1 2 2 2 0 1 2 1 2 2 2 1 2 2 2 2 2 2 2 2 1 2 2 2 1 2 2 2 2 2 1 2 2 2 2 0 1 2 1 1 1 2 2 1 2 1 2 2 2 2 2 2 2 2 2 2 2 2 1 2 2 2 2 2 2 2 2 2 1 2 1 2 1 2 1 2 2 1 1 2 1 1 1 2 1 1 2 2 1 2 1 2 2 2 0 2 2 2 2 
50 500000 0 0 1 1  2 2 1 2 2 1 2 2 1 2 1 0 2 1 2 1 2 2 1 2 2 2 2 1 2 1 1 2 1 0 2 1 2 2 2 2 1 1 1 2 2 2 2 2 2 2 1 2 1 1 2 2 1 2 2 2 1 2 2 1 2 1 2 2 2 2 2 2 2 1 2 2 2 2 2 2 1 2 2 0 2 2 2 2 2 2 2 2 2 2 2 2 1 2 2 0 1 1 2 1 
50 500001 0 0 2 0  1 2 2 2 2 2 2 2 0 2 2 1 2 1 2 1 2 2 1 2 2 1 2 2 1 1 1 1 1 2 1 2 2 2 1 2 2 0 2 2 2 0 2 2 1 2 2 1 2 2 2 2 1 2 2 2 1 2 2 2 2 1 2 2 2 2 1 2 0 1 1 2 2 1 2 2 2 1 1 2 1 2 1 2 1 2 2 2 2 2 2 0 1 2 1 2 2 2 2 2 
51 510000 0 0 1 0  1 2 1 2 1 2 1 2 1 2 0 1 1 1 1 1 2 2 2 1 2 2 1 2 0 2 1 1 2 1 2 1 2 2 1 1 1 2 2 1 1 2 1 2 2 2 2 2 2 0 2 2 1 1 2 1 0 2 2 1 2 2 1 2 2 2 2 2 1 1 2 2 1 1 2 1 2 1 2 2 2 2 2 2 2 0 2 2 1 2 2 1 2 2 1 2 2 1 2 0 
51 510001 0 0 2 0  1 1 1 2 0 1 2 1 2 2 2 1 2 1 2 2 2 1 2 2 2 2 2 1 1 1 2 2 2 2 2 2 2 2 2 2 0 2 1 2 1 2 2 1 1 2 2 1 1 2 2 2 1 1 1 2 2 2 2 2 1 1 2 2 2 2 2 2 2 2 2 2 2 2 1 2 1 2 2 2 1 2 1 1 0 2 2 2 2 2 2 2 1 1 1 0 2 1 2 2 
52 520000 0 0 1 1  2 2 2 2 1 1 1 2 2 2 2 2 0 2 2 2 1 2 2 2 2 2 2 2 1 1 2 2 1 2 2 1 1 2 2 2 2 1 1 1 2 2 2 2 2 2 2 2 2 2 1 1 2 1 2 2 2 1 2 1 2 2 2 2 2 1 2 2 2 1 2 1 2 2 2 2 2 2 1 1 2 1 2 2 2 0 1 2 1 2 2 1 2 2 1 2 2 1 2 2 
52 520001 0 0 2 0  2 2 0 2 1 2 2 0 2 0 2 2 2 1 1 2 2 2 2 1 2 2 1 2 1 1 2 2 2 1 1 1 2 2 1 2 2 2 2 2 1 2 1 1 2 2 2 1 1 2 1 2 2 1 2 1 1 1 2 1 1 2 2 1 1 2 2 2 1 2 2 2 1 2 2 1 1 2 2 2 1 2 2 1 2 1 2 2 2 1 2 2 2 2 2 2 2 2 1 2 
53 530000 0 0 1 1  2 2 1 0 2 2 2 1 2 2 2 1 1 2 2 2 1 2 2 2 2 2 2 2 1 2 2 1 2 2 2 2 2 2 2 2 2 2 2 2 2 2 1 2 2 2 2 2 1 2 1 1 1 2 2 0 2 2 2 2 1 2 2 1 2 2 2 1 1 2 0 2 2 2 2 2 2 2 2 2 2 2 1 2 2 1 1 2 2 1 1 1 2 2 1 2 2 1 2 1 
53 530001 0 0 2 1  2 2 2 2 1 1 2 2 2 2 2 2 2 2 1 1 2 0 2 2 2 2 2 2 0 2 2 2 2 1 2 2 0 1 2 1 2 2 1 1 1 2 0 2 2 2 2 2 2 2 2 2 2 1 2 2 2 2 2 2 2 2 2 2 1 1 2 2 2 1 2 2 1 2 2 2 1 2 2 2 1 2 1 1 1 2 2 2 2 2 1 2 2 0 2 2 2 2 2 2 
54 540000 0 0 1 0  1 2 2 2 0 2 2 2 2 2 2 2 1 2 2 2 2 1 2 2 2 2 2 2 2 2 1 1 2 2 1 0 1 1 2 2 2 2 1 2 2 2 1 1 2 2 2 1 1 2 2 2 1 2 2 2 2 2 2 1 0 2 1 2 2 2 2 2 1 2 2 2 2 2 2 1 2 2 1 1 1 2 1 1 2 1 2 2 1 2 2 0 1 2 2 2 2 2 0 1 
54 540001 0 0 2 1  1 2 0 1 2 2 2 1 2 2 2 2 1 2 2 2 1 2 2 2 2 1 1 1 2 2 2 2 2 2 2 2 2 2 2 1 2 2 2 2 2 2 2 1 2 2 2 2 2 1 2 2 2 1 1 1 1 2 0 2 2 1 1 0 2 1 1 2 2 2 2 2 2 2 2 1 2 1 1 1 2 2 1 2 1 2 2 2 2 2 2 2 1 2 2 0 2 2 1 1 
55 550000 0 0 1 0  2 2 2 2 2 2 2 2 1 2 2 2 1 2 0 2 2 2 1 1 2 2 1 1 2 0 2 2 1 2 2 1 2 2 1 2 2 2 2 1 2 2 2 2 2 2 2 1 1 2 2 2 2 1 2 2 1 2 1 1 2 2 2 2 2 0 2 2 2 2 1 2 1 1 1 2 1 2 2 1 2 2 2 2 2 2 1 1 1 1 1 2 2 2 1 2 1 2 1 1 
55 550001 0 0 2 1  2 1 0 2 1 2 1 2 2 1 2 1 2 1 1 1 2 2 1 2 2 2 1 2 2 2 1 2 2 2 1 2 0 2 1 2 1 2 1 2 2 2 2 2 2 2 2 2 2 1 1 1 2 1 2 1 2 1 2 2 2 2 2 2 2 2 1 2 2 1 2 1 2 2 2 2 2 2 1 1 2 2 2 2 1 2 2 2 2 2 2 1 2 2 2 1 2 2 2 1 
56 560000 0 0 1 0  1 1 2 2 2 2 1 2 1 1 2 1 1 1 2 0 2 1 2 2 1 2 1 1 2 2 2 2 2 2 1 2 1 2 0 2 2 2 2 2 1 1 2 2 1 2 1 1 2 1 1 2 2 2 2 2 2 0 1 1 2 2 1 2 2 1 1 1 1 2 2 2 1 2 2 2 2 2 2 2 2 2 2 1 1 2 1 2 1 2 1 1 2 2 2 2 1 2 1 1 
56 560001 0 0 2 1  2 2 1 2 2 2 1 2 2 2 2 2 2 2 2 2 2 2 2 2 1 2 2 1 2 2 1 2 2 2 1 2 1 2 1 2 2 1 2 2 1 1 1 2 2 2 2 1 2 2 2 1 2 2 1 2 2 2 2 2 2 1 2 1 2 2 2 2 2 1 1 2 2 2 2 2 1 2 2 2 2 0 1 1 1 2 1 2 2 2 2 2 2 2 1 1 2 1 1 2 
57 570000 0 0 1 1  2 1 2 2 2 1 2 1 1 2 2 2 2 2 2 2 2 2 1 2 2 1 2 2 1 1 2 2 1 2 2 1 2 2 2 2 1 2 2 2 2 2 2 2 0 2 2 2 2 1 2 2 2 2 1 2 1 1 2 1 2 2 2 2 2 1 2 2 2 2 2 2 2 1 2 1 2 2 2 2 2 2 1 2 1 2 2 2 2 2 1 2 1 2 1 1 0 2 2 2 
57 570001 0 0 2 1  2 2 2 2 2 1 2 2 1 2 2 1 2 1 2 2 2 1 1 2 2 2 2 2 1 2 2 2 2 1 1 2 2 2 2 2 2 1 2 1 2 2 2 1 2 2 1 1 2 2 2 1 1 2 2 2 1 1 2 0 2 2 2 1 2 2 1 2 2 2 2 2 2 2 2 2 1 2 1 0 2 1 1 2 2 2 2 2 2 1 2 2 2 1 2 1 1 1 2 2 
58 580000 0 0 1 1  1 2 1 2 1 2 2 2 2 1 1 2 1 2 2 1 1 2 1 2 2 2 0 2 1 2 2 2 2 1 2 1 1 2 1 2 2 2 1 2 1 1 2 1 2 2 2 2 1 1 1 0 2 1 2 1 2 2 2 2 2 2 1 2 2 1 1 1 2 2 2 2 2 2 2 2 2 2 2 2 2 2 1 1 2 0 2 2 1 0 2 2 2 1 2 2 2 1 2 2 
58 580001 0 0 2 0  2 2 2 2 2 2 2 0 2 1 1 2 2 1 2 1 2 0 2 2 1 2 2 2 2 2 0 2 2 2 2 1 2 2 1 2 1 2 2 2 2 2 2 1 1 1 2 2 2 2 2 2 1 2 2 1 1 1 1 2 0 2 2 2 1 2 2 0 1 2 2 2 2 2 2 2 1 2 1 2 2 2 1 2 1 2 2 2 1 2 2 1 1 2 2 1 2 0 2 1 
59 590000 0 0 1 0  1 2 2 2 2 2 2 2 1 1 1 1 1 1 2 2 2 2 2 2 2 2 2 2 1 1 2 1 2 2 2 2 1 2 2 2 2 2 2 1 2 1 2 2 2 1 2 1 2 2 2 2 2 0 2 1 2 1 2 1 2 1 2 2 1 2 2 2 1 2 1 1 2 2 2 2 2 2 2 1 1 2 2 2 2 2 2 2 1 1 1 2 2 2 2 1 2 1 0 2 
59 590001 0 0 2 1  2 2 2 2 2 1 2 2 2 2 1 2 2 2 2 2 2 1 2 2 2 2 1 2 1 1 1 2 2 2 2 1 2 2 1 0 2 1 2 2 2 1 2 2 1 1 1 2 2 2 2 2 2 2 2 2 2 2 2 1 1 1 2 2 2 2 2 2 1 0 2 2 0 2 2 2 2 1 2 2 1 2 1 1 1 1 1 2 2 2 2 2 1 2 2 2 1 2 2 2 
60 600000 0 0 1 0  1 2 2 2 1 2 2 2 2 2 2 2 2 1 1 2 1 2 2 2 2 2 2 1 2 2 0 2 1 2 1 1 2 2 2 2 2 2 2 2 1 1 2 2 2 2 2 1 1 2 1 2 2 1 2 2 1 2 2 2 2 2 2 2 1 2 1 2 2 1 2 1 2 2 2 2 1 2 2 1 2 2 2 1 2 1 1 2 2 1 2 2 2 2 2 2 2 1 0 2 
60 600001 0 0 2 1  2 1 2 2 1 2 1 0 2 2 2 2 2 2 2 1 1 2 2 2 2 2 2 2 2 2 2 2 1 2 2 2 1 2 1 2 1 1 2 2 2 1 1 2 2 1 1 2 2 1 1 2 2 2 2 1 2 2 1 2 2 1 0 1 2 2 2 2 1 2 2 2 2 2 2 1 2 1 2 2 2 2 1 2 2 2 2 2 2 1 2 2 1 1 1 1 2 1 1 2 
61 610000 0 0 1 1  0 1 1 2 2 2 1 2 1 1 2 2 2 1 2 2 2 2 1 2 1 1 2 1 2 1 2 0 2 2 2 0 2 2 2 2 2 1 1 1 2 1 1 2 2 2 2 2 2 1 2 1 2 1 2 2 1 2 2 1 2 2 2 1 2 2 1 2 2 1 2 2 2 2 1 2 2 2 2 2 1 1 2 2 2 2 1 2 2 2 2 2 2 1 2 2 1 1 1 2 
61 610001 0 0 2 0  0 1 2 1 2 2 1 2 1 2 1 2 1 2 1 2 1 2 2 1 1 2 1 0 2 1 1 2 1 0 1 1 2 2 2 2 2 2 2 2 2 2 1 2 1 2 2 2 2 2 2 2 2 2 2 0 2 2 2 2 2 2 2 2 2 0 2 1 2 2 2 2 1 2 2 2 2 2 1 2 1 2 2 1 2 1 2 2 2 1 2 2 2 0 2 1 2 2 2 2 
62 620000 0 0 1 1  1 2 1 2 1 2 2 2 1 0 2 0 2 2 2 1 2 2 1 1 2 2 2 1 1 2 1 2 1 2 1 1 2 1 2 2 2 0 1 2 2 2 2 1 2 2 2 2 2 2 2 2 2 1 2 1 2 1 2 2 2 2 1 2 2 1 2 2 2 2 2 2 2 2 2 1 2 2 1 2 1 2 2 2 2 2 2 2 1 1 1 2 2 0 1 2 1 2 1 2 
62 620001 0 0 2 1  2 1 2 2 2 2 1 1 2 1 2 2 2 1 2 2 1 2 2 1 1 2 2 2 2 2 2 0 2 2 1 2 2 2 2 2 2 2 2 2 2 2 2 0 2 2 1 1 2 2 2 2 2 2 2 2 2 2 2 2 2 2 2 2 2 1 2 2 2 2 2 1 2 2 1 1 2 2 2 1 2 2 2 2 1 2 1 2 1 2 1 2 1 2 2 1 1 2 2 0 
63 630000 0 0 1 0  1 2 2 1 2 2 2 0 1 2 2 1 1 2 1 2 1 1 2 2 2 2 2 1 2 2 1 2 2 2 2 2 2 1 2 1 1 1 2 2 1 2 1 1 2 2 2 0 2 0 1 1 2 2 2 2 2 1 1 2 1 1 2 1 1 2 2 2 2 1 2 1 2 2 1 1 2 2 1 1 2 1 2 2 2 1 1 1 1 2 2 2 1 2 2 2 2 2 2 2 
63 630001 0 0 2 0  2 2 2 1 2 2 1 2 2 1 2 1 1 2 2 2 1 2 2 1 1 1 1 1 1 1 2 2 2 2 2 1 2 1 1 1 1 2 2 2 1 2 1 1 2 2 2 1 2 2 2 1 2 2 2 2 1 2 1 2 2 2 2 2 0 2 2 2 1 2 2 1 2 2 1 2 2 2 2 1 2 2 2 2 2 2 2 2 2 2 2 2 1 2 2 1 2 2 1 2 
64 640000 0 0 1 0  2 2 2 2 0 2 2 1 2 2 1 2 2 1 2 2 1 2 2 2 1 2 1 2 2 2 2 2 2 2 2 2 1 1 2 2 1 2 1 2 2 2 1 2 2 2 2 2 2 2 1 2 2 1 1 2 2 2 1 2 2 2 1 1 2 2 2 2 1 1 2 2 2 1 2 1 2 2 1 2 2 2 1 2 1 1 1 2 2 1 2 2 2 1 2 2 0 1 2 2 
64 640001 0 0 2 1  2 2 1 2 2 2 2 2 2 2 1 1 2 1 2 2 1 2 2 1 0 2 2 1 1 2 2 1 2 2 1 2 1 2 2 1 2 2 1 2 2 2 2 2 2 2 2 1 2 1 2 2 2 2 2 2 2 1 2 1 1 2 2 2 1 2 1 2 2 2 2 2 2 2 2 2 2 2 1 2 2 2 2 2 2 2 2 2 2 2 2 2 1 2 2 2 2 2 2 2 
65 650000 0 0 1 0  2 2 2 2 2 2 2 2 1 2 0 2 2 2 2 2 1 1 1 0 2 2 1 2 2 2 2 1 2 2 2 0 2 1 1 0 1 2 2 2 2 1 1 2 2 2 2 2 2 1 2 2 2 1 2 1 2 2 2 2 1 1 2 2 2 1 1 2 2 2 2 2 2 2 2 2 2 2 1 2 2 1 0 2 1 2 2 2 2 1 1 2 2 2 1 2 1 2 2 2 
65 650001 0 0 2 0  2 2 1 0 2 1 1 2 2 2 0 2 2 2 1 2 2 2 1 2 2 1 2 1 2 2 2 2 2 2 2 2 2 2 1 2 1 2 2 2 2 2 1 2 2 1 2 2 2 1 1 2 2 1 2 2 2 2 2 2 2 2 2 1 2 1 2 1 2 2 2 2 2 1 2 2 2 2 2 2 2 2 2 2 2 2 1 1 1 2 1 2 1 2 0 1 2 2 2 2 
66 660000 0 0 1 0  2 2 1 2 2 2 1 2 2 2 2 2 2 2 2 2 2 2 2 2 2 1 2 1 2 2 0 2 1 2 2 2 1 2 1 2 2 2 1 2 1 0 2 2 1 2 0 1 2 1 2 1 2 2 2 2 2 2 2 2 2 2 1 1 1 1 2 1 1 2 1 2 2 1 2 1 2 2 2 2 2 1 2 1 2 1 2 1 2 2 1 2 2 2 1 1 1 2 1 1 
66 660001 0 0 2 0  2 1 2 2 2 2 2 1 2 1 1 2 2 2 2 2 2 2 1 1 2 2 2 2 2 2 1 1 2 1 1 1 1 2 2 2 2 2 2 2 1 2 1 1 2 2 2 2 1 1 2 1 2 0 2 1 2 1 1 2 2 2 2 1 2 1 0 2 2 0 2 2 2 2 1 2 1 2 1 1 1 1 2 2 0 2 2 2 2 1 1 2 2 1 1 2 2 2 2 2 
67 670000 0 0 1 0  1 2 2 1 2 1 2 2 2 2 2 1 2 2 2 1 2 2 2 2 1 2 1 2 2 1 2 0 2 2 1 2 2 2 2 2 2 1 1 0 2 1 0 2 2 2 2 2 2 1 2 2 2 1 2 2 0 1 1 2 2 0 1 1 1 2 2 2 1 2 2 1 2 2 2 2 2 1 2 2 2 1 2 2 2 1 2 2 2 2 2 1 2 1 1 1 2 2 2 1 
67 670001 0 0 2 1  0 2 1 2 2 2 2 1 2 2 0 2 2 2 2 2 1 1 1 2 2 2 2 2 2 2 2 1 2 2 2 1 2 2 1 1 2 2 2 1 2 1 2 1 1 2 2 1 2 1 2 0 1 2 2 1 1 1 2 1 1 1 1 2 1 1 1 2 1 1 2 1 2 2 2 2 2 2 2 1 2 2 1 2 2 2 2 1 2 2 2 2 2 2 2 2 1 2 2 2 
68 680000 0 0 1 0  2 2 2 1 2 2 2 2 1 2 1 2 2 2 2 2 1 2 1 2 1 2 2 2 1 2 0 2 2 1 1 2 2 1 2 1 2 2 2 2 1 2 2 1 2 2 1 2 1 1 1 2 2 2 2 2 2 2 1 2 2 1 2 1 1 2 2 2 2 2 2 2 1 1 1 2 1 1 2 2 2 2 1 2 2 2 2 1 0 2 2 2 2 2 2 2 2 2 2 2 
68 680001 0 0 2 1  2 2 1 2 2 2 2 2 2 2 2 2 2 0 2 1 2 2 2 2 0 1 2 2 1 2 2 2 1 2 2 2 1 2 2 2 2 2 1 2 1 2 2 2 1 2 2 1 1 1 1 2 2 2 2 1 2 2 2 2 2 1 2 2 1 2 2 2 2 2 1 2 2 1 2 0 1 2 2 2 2 2 1 1 1 2 1 1 2 2 1 1 2 2 2 0 2 2 1 1 
69 690000 0 0 1 0  1 2 2 2 2 2 1 2 2 2 2 2 2 2 2 2 2 2 2 1 1 2 1 2 2 2 2 2 2 2 2 1 1 2 2 1 2 1 1 2 1 2 2 2 2 2 2 2 2 2 2 1 2 2 2 0 2 2 2 2 2 1 2 2 2 2 2 2 1 2 1 2 2 2 2 2 1 2 2 2 2 2 2 2 1 2 2 2 2 1 0 2 2 2 2 2 2 2 2 2 
69 690001 0 0 2 0  1 1 2 2 1 2 2 0 2 2 0 2 2 2 2 1 2 1 2 2 2 2 2 2 2 2 2 1 0 2 2 0 1 2 2 1 2 0 1 2 2 2 2 2 2 2 2 1 2 2 2 2 1 2 2 2 2 2 1 2 2 2 1 2 2 1 2 1 2 1 2 1 2 2 1 1 2 2 2 2 2 2 2 2 1 2 1 2 2 1 1 1 2 2 2 2 2 2 1 2 
70 700000 0 0 1 0  0 2 1 2 2 2 2 2 2 2 0 2 1 2 2 2 2 2 1 2 2 2 2 2 1 1 2 2 2 2 2 2 1 1 1 1 1 2 1 1 2 2 1 1 0 2 2 1 2 2 2 2 1 2 1 2 1 1 2 1 2 2 2 1 2 2 2 2 1 2 2 2 2 2 2 1 2 1 2 1 2 2 2 2 2 1 1 1 1 2 0 2 1 0 1 2 2 1 1 2 
70 700001 0 0 2 0  1 2 2 1 2 1 2 1 1 1 2 2 2 2 2 2 2 1 2 1 2 2 2 1 2 2 2 2 2 1 1 1 2 2 2 2 1 2 2 1 2 1 2 2 2 2 2 2 2 2 2 2 2 2 2 2 2 1 1 1 2 0 2 1 1 2 0 2 2 2 2 2 2 2 2 2 2 1 2 1 1 2 2 2 1 2 2 1 1 2 2 2 2 2 2 2 1 1 2 2 
71 710000 0 0 1 0  1 2 1 2 2 2 2 1 2 2 2 2 1 2 1 2 1 2 1 2 1 2 1 2 2 2 1 1 2 1 1 2 2 1 1 1 1 2 2 2 2 2 1 2 2 2 2 2 2 1 1 2 2 1 2 2 2 2 2 2 2 2 2 2 2 2 2 2 2 2 2 1 2 2 2 2 2 2 2 1 2 1 1 2 2 1 2 2 2 2 1 2 2 1 2 2 2 2 1 0 
71 710001 0 0 2 1  2 2 2 1 1 1 2 2 2 1 2 1 2 0 2 2 0 2 2 2 1 2 2 2 2 2 1 0 2 2 1 2 2 0 2 2 2 1 2 2 2 2 1 1 1 2 2 0 2 1 2 2 2 2 2 2 0 1 1 2 2 1 1 2 2 2 2 1 0 2 2 2 2 2 1 1 1 2 2 2 2 2 2 2 2 2 1 2 2 2 2 2 2 2 1 1 1 2 2 2 
72 720000 0 0 1 0  2 2 2 2 2 2 1 2 1 1 2 2 2 1 1 2 2 1 2 1 2 2 1 2 2 2 2 2 2 1 2 2 2 2 2 1 2 1 2 2 2 1 2 2 2 2 2 1 0 1 2 2 1 2 1 2 1 2 1 2 2 2 2 2 2 2 2 1 1 0 2 1 1 2 1 1 2 2 1 1 0 2 2 2 2 2 1 2 2 2 2 1 0 2 2 1 1 2 2 0 
72 720001 0 0 2 0  2 2 1 1 2 2 2 2 1 1 1 2 2 1 2 2 2 2 1 1 1 1 2 2 1 2 1 1 1 1 1 2 1 2 2 2 2 2 2 2 2 0 2 2 2 1 1 2 2 1 2 2 0 2 2 2 2 2 2 1 2 1 1 2 1 2 1 2 0 2 2 1 2 2 2 1 2 2 1 2 1 2 2 1 2 2 2 2 2 2 2 2 1 2 2 1 1 2 2 2 
73 730000 0 0 1 1  2 2 2 2 1 2 2 2 2 2 1 2 1 2 2 1 1 2 2 2 2 2 1 2 2 2 1 2 2 2 2 1 2 1 1 1 1 1 1 2 1 1 2 2 2 2 1 1 2 1 1 2 2 1 1 1 2 1 2 2 2 2 2 2 2 2 2 2 1 2 2 2 2 2 1 1 2 1 0 2 2 2 1 2 2 2 2 2 1 2 2 1 1 1 1 1 2 2 2 1 
73 730001 0 0 2 0  1 2 2 1 2 2 2 2 1 1 2 2 0 1 1 2 2 2 2 2 1 2 2 1 2 2 2 1 1 2 2 2 2 2 2 2 2 2 2 1 2 2 2 1 2 2 2 1 2 2 1 2 2 1 2 1 2 2 1 1 2 2 1 2 1 2 2 2 2 2 0 1 2 1 1 2 1 1 2 1 2 2 2 2 2 1 1 1 1 1 2 2 2 1 2 2 1 1 0 2 
74 740000 0 0 1 0  2 2 2 2 2 2 2 1 1 2 2 1 1 2 2 2 2 2 1 2 2 2 2 1 2 1 2 0 2 2 1 2 1 1 1 2 1 2 1 1 1 2 1 2 2 2 1 2 1 2 2 2 2 2 1 2 2 2 2 2 2 2 2 2 2 1 2 2 2 2 2 1 2 2 2 0 2 1 2 1 2 2 2 2 2 1 1 2 1 2 2 2 2 2 1 1 2 2 1 2 
74 740001 0 0 2 0  2 2 2 2 2 1 0 2 2 2 2 2 2 2 2 2 2 2 2 1 2 1 1 2 1 2 2 2 1 2 1 2 2 1 2 2 2 2 0 0 2 2 1 1 2 1 2 1 2 2 2 2 1 0 1 2 2 2 1 1 2 2 2 1 2 1 2 2 1 1 0 2 2 2 2 2 2 1 1 2 2 1 2 2 2 1 1 1 2 2 2 1 1 1 2 1 2 1 2 2 
75 750000 0 0 1 0  2 1 1 2 2 2 2 1 1 2 2 2 1 1 1 1 2 2 2 2 2 2 2 2 1 1 2 2 2 2 1 1 2 1 1 2 2 2 2 2 2 2 1 2 1 1 2 2 2 2 1 1 2 2 2 2 1 1 2 2 1 1 2 1 1 2 2 2 2 2 2 1 2 2 1 2 1 1 2 1 2 2 2 2 2 2 2 2 0 2 1 2 1 2 1 1 1 2 1 2 
75 750001 0 0 2 0  2 2 1 2 0 1 1 1 2 2 2 2 1 2 1 2 1 2 1 1 2 1 2 2 2 2 2 2 2 2 2 2 2 2 1 2 1 2 1 2 2 2 2 2 1 2 2 2 1 2 2 2 1 2 2 2 1 2 1 2 1 2 1 2 2 1 2 0 0 1 1 2 2 1 2 2 2 2 1 1 2 1 2 2 2 1 2 2 1 2 2 2 2 2 2 2 2 2 2 1 
76 760000 0 0 1 1  2 0 2 2 1 2 1 2 1 2 1 2 2 0 0 2 2 0 1 2 2 2 2 2 2 2 2 2 1 1 2 2 2 1 1 1 2 2 1 0 2 1 2 2 1 2 2 1 2 1 2 2 2 1 2 1 2 2 2 2 2 1 2 2 1 2 2 2 2 2 2 2 2 0 1 2 2 2 2 2 1 2 1 2 2 2 2 2 2 2 1 2 2 2 1 1 2 2 2 2 
76 760001 0 0 2 1  2 2 0 2 2 1 2 2 1 2 2 1 2 2 2 2 2 2 2 2 1 2 2 2 2 2 2 1 2 2 2 1 1 1 2 2 2 2 2 1 1 1 0 2 2 2 1 2 1 2 2 2 2 2 2 2 1 1 2 2 2 1 2 2 2 1 1 2 2 2 2 1 1 2 1 1 2 2 2 2 1 2 1 1 1 2 1 1 2 1 2 1 2 2 2 1 2 2 1 2 
77 770000 0 0 1 1  0 1 0 1 1 2 2 2 2 2 1 2 2 2 2 2 2 1 0 2 2 1 2 2 1 2 2 1 2 2 2 2 1 1 2 2 2 0 2 2 2 1 1 1 1 2 2 2 2 2 2 2 1 2 1 1 2 2 2 2 2 2 2 2 2 1 0 1 2 2 1 2 1 2 2 1 1 2 2 2 1 1 1 1 2 2 2 1 2 2 2 1 2 2 2 2 2 2 2 2 
77 770001 0 0 2 0  2 2 1 0 2 2 2 0 2 2 2 2 1 2 2 1 2 2 2 2 2 2 1 2 2 1 1 1 0 2 2 2 2 2 2 2 2 2 2 2 2 2 2 2 2 2 2 1 2 1 2 2 2 2 2 1 2 2 2 2 2 1 1 1 2 2 2 2 2 1 2 2 2 2 2 2 2 1 2 2 2 2 1 2 2 2 2 2 2 2 2 2 2 2 1 1 0 2 1 2 
78 780000 0 0 1 1  1 2 1 2 2 2 2 1 1 2 2 2 2 2 2 2 2 1 1 2 2 2 2 1 2 2 1 1 2 1 2 1 0 2 0 1 2 2 1 2 2 2 2 1 1 2 2 2 2 2 2 2 2 2 2 1 2 2 1 2 0 2 2 2 1 2 0 1 1 1 1 2 2 2 2 2 2 2 2 1 1 2 2 2 1 2 2 2 2 2 2 2 2 2 2 0 2 2 1 2 
78 780001 0 0 2 0  2 2 1 2 2 2 1 2 1 1 2 2 2 2 2 1 1 2 1 2 1 2 2 2 2 1 2 2 1 2 2 2 2 1 1 1 1 2 1 1 2 1 2 2 1 2 2 1 2 2 2 2 0 1 1 1 2 2 2 2 2 2 1 1 2 2 2 2 2 2 2 2 1 1 2 2 2 1 2 2 1 1 2 2 1 2 1 1 2 2 1 2 0 1 2 2 1 2 2 2 
79 790000 0 0 1 0  2 2 2 1 2 1 2 2 1 2 1 1 1 2 2 2 1 2 2 2 1 1 2 2 2 1 2 2 2 1 2 1 2 2 1 2 1 2 0 1 2 2 2 2 2 1 2 1 2 1 2 2 1 2 1 1 2 2 2 1 2 2 2 0 2 2 1 2 2 1 2 2 2 1 2 2 2 2 2 2 2 1 1 2 2 2 2 1 1 2 2 2 2 2 1 2 2 2 1 2 
79 790001 0 0 2 0  0 1 1 2 2 2 2 1 2 2 2 1 1 2 2 2 2 2 1 1 2 2 2 2 2 1 1 2 1 2 2 1 2 2 2 1 2 1 1 2 2 2 2 2 2 2 0 2 2 1 2 2 1 2 2 2 2 2 2 1 1 2 2 2 2 1 1 2 2 2 2 1 1 1 1 2 1 1 2 2 2 2 1 1 2 2 1 2 2 2 1 1 2 1 1 2 1 2 2 2 
80 800000 0 0 1 1  2 2 2 1 2 2 2 1 1 2 2 2 1 1 2 2 2 2 2 1 2 1 2 1 2 1 2 1 1 2 2 1 2 2 2 2 2 1 2 2 2 2 2 2 1 2 2 1 2 2 2 1 0 1 1 2 2 2 2 2 1 2 2 1 2 2 2 2 2 1 2 2 2 2 1 2 2 1 2 2 2 2 1 2 2 1 2 1 2 1 2 1 2 2 2 2 1 2 2 2 
80 800001 0 0 2 0  1 0 2 2 2 2 1 2 2 2 2 2 2 2 2 2 2 2 2 1 0 2 2 2 1 2 1 1 2 2 1 2 1 1 2 2 2 2 2 2 2 2 1 1 2 2 1 1 2 2 2 2 2 2 2 1 2 2 2 0 2 2 2 2 1 1 2 0 1 2 1 2 2 2 1 1 2 1 2 1 2 1 2 2 2 2 2 2 1 2 1 1 1 2 2 1 2 2 2 2 
81 810000 0 0 1 0  1 2 2 2 0 1 2 2 2 1 1 2 1 2 1 2 1 1 2 1 1 0 2 2 2 2 2 2 2 1 1 2 2 1 2 2 2 2 2 2 2 2 0 2 2 2 2 2 1 1 1 2 1 2 2 1 2 2 1 2 2 2 2 2 2 2 2 2 2 2 2 0 2 1 2 2 2 2 0 2 1 1 0 2 1 0 2 2 1 2 2 2 2 2 2 1 2 1 2 1 
81 810001 0 0 2 0  1 2 2 1 2 1 2 1 1 2 2 1 2 2 2 2 2 2 2 2 2 2 2 2 1 2 2 2 0 2 2 1 2 1 2 2 2 2 2 1 2 2 2 2 2 1 2 1 2 1 1 2 2 2 1 1 1 2 2 2 1 1 1 2 2 2 2 2 2 1 2 2 2 2 2 2 2 2 0 2 1 2 2 1 2 2 2 2 2 1 2 2 1 2 2 2 2 1 1 2 
82 820000 0 0 1 0  1 2 2 2 2 2 1 1 2 1 1 2 2 2 2 1 2 2 1 2 2 2 2 1 2 2 2 2 2 2 1 2 2 1 1 2 1 2 1 2 1 2 2 2 2 1 2 2 2 1 1 1 1 2 1 2 2 2 1 2 1 2 2 2 1 1 2 2 1 2 1 2 2 2 1 2 2 1 2 2 2 2 1 1 2 1 2 2 2 1 2 2 1 2 1 2 2 2 2 1 
82 820001 0 0 2 1  1 1 1 2 1 2 2 2 2 2 2 1 2 2 2 2 2 2 1 0 2 2 2 1 2 0 2 2 1 2 2 2 1 1 2 2 2 2 2 2 2 2 1 2 2 2 1 1 1 1 2 0 1 1 2 2 1 2 2 2 2 2 1 2 2 2 2 2 2 1 2 2 2 1 2 1 2 2 2 2 1 2 2 0 1 2 2 2 2 1 2 1 2 2 0 1 1 2 2 2 
83 830000 0 0 1 0  1 1 1 1 2 1 1 1 1 1 1 2 2 2 2 2 1 1 2 2 2 1 1 2 1 2 2 2 2 2 2 2 2 2 1 1 2 2 2 2 2 1 2 2 2 2 2 2 1 2 1 2 1 1 2 2 1 2 2 2 2 1 1 2 1 2 1 2 2 2 1 1 2 0 2 2 1 1 2 2 2 1 1 1 2 2 1 2 2 1 1 2 0 2 2 1 2 2 2 2 
83 830001 0 0 2 1  2 2 2 2 2 2 1 2 2 2 1 2 2 2 2 2 2 1 2 0 2 0 0 2 2 2 2 1 2 0 2 2 1 2 2 2 2 2 2 1 2 1 2 1 2 1 2 2 1 2 2 2 2 2 1 1 2 2 2 2 0 2 1 2 2 2 1 2 1 2 1 0 1 1 2 2 2 2 2 2 2 1 1 2 1 2 2 2 2 2 2 2 1 1 2 2 2 1 2 2 
84 840000 0 0 1 0  2 2 1 2 2 2 1 1 2 2 2 2 2 1 1 2 2 2 2 1 2 1 2 2 2 2 2 2 2 2 2 2 2 2 0 2 2 1 2 2 1 1 2 2 2 2 2 1 1 2 1 2 1 2 2 1 1 2 1 2 1 2 2 1 2 2 2 2 2 2 2 2 2 2 2 2 2 2 1 2 2 2 1 2 2 2 2 1 1 0 2 2 1 2 1 2 1 2 2 1 
84 840001 0 0 2 1  2 2 2 2 2 1 2 2 2 1 1 2 1 2 2 1 2 2 1 2 2 0 2 1 2 2 2 2 2 2 2 2 1 1 2 2 1 0 1 2 2 2 2 2 2 1 1 1 0 2 1 1 0 1 2 1 2 2 2 2 2 2 2 2 2 2 2 1 2 1 2 1 1 2 2 2 1 2 1 2 1 2 2 2 2 2 1 2 2 1 2 0 2 2 1 0 1 1 1 2 
85 850000 0 0 1 1  1 2 1 1 2 1 2 1 0 1 2 1 1 2 1 2 2 2 1 1 1 2 1 2 2 1 0 2 2 2 1 1 1 0 2 2 1 0 2 2 2 2 2 2 1 2 2 2 2 1 1 1 2 2 2 2 2 2 2 2 1 2 1 0 2 2 2 1 1 2 2 1 1 2 2 1 2 2 2 2 2 2 2 1 1 1 1 1 1 2 2 2 2 1 2 2 2 2 1 1 
85 850001 0 0 2 0  1 2 1 2 2 2 2 0 2 2 2 0 1 2 1 2 2 2 1 2 2 2 1 2 1 1 2 1 1 1 2 2 2 2 0 0 1 2 2 2 2 2 1 1 2 2 1 2 2 2 1 2 2 2 1 2 2 2 2 1 1 2 2 2 1 2 1 2 2 2 2 2 1 2 2 1 2 2 2 2 1 2 1 1 1 2 1 2 2 1 2 2 1 1 2 2 1 2 1 2 
86 860000 0 0 1 0  2 2 2 2 2 2 1 1 2 1 2 2 2 2 2 2 1 1 1 2 2 1 2 1 2 1 2 1 2 2 1 2 2 2 2 1 2 1 1 1 1 2 2 2 2 2 2 1 2 2 2 2 2 2 2 2 2 1 1 2 2 2 1 1 2 1 1 2 2 1 2 2 0 2 2 2 1 1 2 2 2 2 2 1 1 2 2 2 2 1 2 1 2 1 0 1 2 1 2 1 
86 860001 0 0 2 0  2 2 2 2 2 2 2 2 2 2 1 1 1 1 2 1 1 1 1 2 2 1 1 2 1 1 1 2 1 2 2 2 1 2 1 2 2 1 2 2 1 1 1 1 2 1 1 2 2 2 1 2 1 1 1 0 1 2 2 2 2 2 1 2 2 2 2 2 2 2 1 2 2 2 2 1 2 2 2 1 2 1 2 2 2 2 2 2 2 1 2 1 1 2 1 1 1 2 2 2 
87 870000 0 0 1 1  2 0 2 2 2 2 2 1 0 2 1 2 2 2 2 1 2 2 1 1 2 2 0 2 2 1 2 2 2 2 2 1 1 1 2 2 2 1 1 1 2 1 1 2 2 1 2 2 2 2 2 2 2 2 1 2 2 1 1 2 1 2 2 0 1 2 2 2 1 2 1 0 2 2 2 2 1 1 2 2 2 2 1 2 2 0 2 2 1 1 2 2 2 2 2 2 2 2 2 0 
87 870001 0 0 2 1  1 2 0 2 1 1 1 2 2 2 2 1 2 1 1 2 2 2 2 2 1 2 0 2 2 2 2 2 1 2 1 1 2 2 2 2 1 1 1 2 1 0 1 2 1 2 2 1 2 1 2 2 1 1 2 2 2 2 1 1 2 2 1 2 2 1 2 2 2 2 1 2 2 2 1 2 1 1 1 1 2 1 2 1 1 1 1 1 2 2 2 2 2 1 2 2 2 2 2 2 
88 880000 0 0 1 0  2 2 2 2 2 2 2 2 1 1 1 1 1 2 2 1 1 2 2 2 2 2 2 2 0 2 1 2 1 2 1 1 2 1 2 2 1 2 2 2 2 2 2 1 2 1 1 2 2 2 0 1 2 2 2 0 1 2 2 2 2 2 2 0 2 2 2 1 1 2 1 2 2 2 1 2 2 1 2 2 2 2 1 2 0 2 2 1 2 2 2 0 2 2 1 2 1 2 1 2 
88 880001 0 0 2 0  1 1 2 2 1 2 2 2 1 2 2 1 2 2 2 2 1 2 2 2 2 1 2 2 1 1 1 2 2 2 1 2 2 2 1 2 1 2 1 2 2 2 2 2 1 1 0 2 2 1 2 2 1 2 2 2 2 2 2 2 2 2 2 1 2 1 2 2 2 2 2 2 1 2 2 2 2 1 2 2 2 2 1 1 1 2 1 1 2 1 1 2 2 2 2 1 2 1 2 2 
89 890000 0 0 1 0  1 1 2 1 2 2 2 2 2 2 1 2 1 2 1 2 2 2 2 2 2 2 2 2 2 2 0 1 1 2 2 2 1 2 2 1 2 1 1 1 1 2 0 1 1 2 2 2 2 2 1 1 2 2 2 1 2 2 2 2 1 2 1 2 2 1 1 2 1 2 2 1 2 2 2 1 2 2 2 2 2 2 1 1 2 2 2 2 2 1 2 2 2 0 2 2 2 2 2 2 
89 890001 0 0 2 1  2 2 1 1 1 2 2 1 2 2 2 2 2 1 2 1 1 2 0 1 2 1 1 2 1 2 2 2 1 2 2 2 1 2 1 1 2 1 2 2 2 2 2 1 2 1 2 2 2 1 2 1 0 1 2 2 1 1 2 2 1 2 2 2 1 1 2 2 2 2 2 2 1 2 2 2 2 2 2 2 2 2 2 2 2 2 0 0 2 1 2 1 2 2 2 1 2 2 2 1 
90 900000 0 0 1 0  2 1 2 2 1 2 1 2 1 2 2 1 2 2 2 2 1 1 2 1 1 1 2 2 2 2 1 1 2 2 2 1 1 1 0 2 2 1 2 1 2 2 2 1 2 2 2 2 2 0 2 2 1 2 2 2 1 2 2 2 2 2 2 1 2 2 2 2 2 2 1 2 2 2 2 1 1 2 1 1 1 2 1 1 2 1 2 2 2 1 2 2 1 0 2 2 2 0 1 1 
90 900001 0 0 2 0  1 2 2 2 1 1 1 2 0 2 2 2 1 2 2 2 1 2 2 2 1 1 2 2 2 1 2 1 2 2 2 2 1 2 2 2 2 2 1 1 1 2 2 2 1 2 1 2 2 2 1 2 1 2 1 2 2 2 2 1 2 1 2 1 2 1 0 2 2 1 2 2 2 2 2 2 2 2 2 2 2 2 1 2 1 1 2 2 2 1 2 2 2 2 1 1 1 2 2 2 
91 910000 0 0 1 0  1 2 2 2 2 1 1 1 2 1 1 2 2 2 2 1 1 1 1 1 2 1 1 2 2 1 1 1 2 2 1 1 2 1 2 1 2 2 2 2 2 2 2 2 2 2 2 1 2 2 2 1 2 2 2 1 2 2 2 0 2 2 2 1 2 2 2 2 2 2 1 1 2 2 2 1 1 2 2 1 2 2 2 2 2 2 2 2 2 2 1 1 0 2 2 2 1 1 2 2 
91 910001 0 0 2 1  2 2 2 2 1 1 2 2 1 1 2 2 2 1 1 2 2 2 2 2 1 2 0 2 2 2 2 2 0 2 1 2 1 2 2 2 2 2 2 2 2 2 2 2 2 2 2 0 1 1 2 2 2 2 1 2 2 2 2 2 1 1 1 2 2 1 2 2 1 1 2 2 0 0 2 1 1 1 1 2 1 1 2 1 2 2 1 2 2 2 2 2 2 2 2 1 2 1 1 2 
92 920000 0 0 1 0  2 2 2 2 1 2 2 2 2 2 1 2 1 2 2 2 2 1 2 2 2 2 2 1 2 1 2 1 1 2 2 2 1 1 2 1 2 2 1 2 1 1 1 2 2 2 1 2 0 2 2 1 2 2 2 2 2 2 2 2 2 2 2 1 2 1 2 2 1 2 1 2 2 2 1 1 2 2 2 2 2 2 2 2 1 1 2 1 2 2 2 2 2 2 1 1 2 2 2 2 
92 920001 0 0 2 1  2 2 2 2 1 2 2 2 2 2 2 2 2 1 1 2 2 2 1 1 2 2 2 1 2 1 2 2 1 0 2 1 2 1 1 2 2 1 1 2 2 2 2 2 0 1 2 2 2 1 1 2 1 1 1 1 2 2 2 2 2 2 0 2 2 2 2 2 2 2 2 2 2 2 2 2 2 2 2 2 2 1 2 1 2 2 2 1 2 1 2 2 2 2 2 2 1 2 2 2 
93 930000 0 0 1 0  2 2 1 2 0 2 2 2 2 2 1 1 1 2 1 1 2 2 2 2 2 2 2 1 0 2 2 2 1 2 1 1 2 2 2 1 2 2 2 1 2 2 1 1 1 2 2 2 1 1 2 2 2 2 2 2 2 2 2 1 2 2 2 2 2 2 1 1 2 1 2 1 2 1 2 2 1 2 1 1 2 2 2 2 1 1 2 2 2 0 1 2 2 2 2 2 1 0 2 1 
93 930001 0 0 2 1  2 2 2 1 2 0 1 2 2 2 2 2 1 2 2 1 2 1 2 2 1 2 2 2 2 2 1 2 2 2 2 2 2 2 2 2 2 1 2 2 2 2 2 2 2 2 2 2 2 2 1 2 2 2 1 2 2 1 1 2 2 2 1 2 2 1 2 2 1 2 2 2 2 2 1 2 2 1 1 0 0 1 2 2 1 2 2 2 1 2 2 2 2 2 2 2 2 2 2 2 
94 940000 0 0 1 0  1 2 2 2 1 2 2 2 2 1 2 1 2 2 2 2 1 1 2 1 1 2 1 2 2 1 0 1 2 2 2 2 2 2 2 2 2 2 2 2 0 2 1 1 2 1 2 1 1 1 1 1 1 2 2 1 2 2 1 0 2 2 2 2 2 2 2 2 1 2 2 0 2 1 2 2 2 2 2 2 2 1 2 1 2 2 2 2 2 1 0 2 2 2 2 1 2 1 2 2 
94 940001 0 0 2 0  2 2 0 1 2 2 2 2 2 2 2 2 1 1 1 1 2 2 2 1 2 2 2 1 1 1 1 2 1 2 2 1 2 0 2 2 2 1 1 2 1 1 2 2 2 1 2 2 1 2 2 1 2 2 2 2 2 2 1 2 2 2 2 2 1 2 1 2 2 2 2 2 2 2 2 2 1 2 2 1 2 2 2 2 1 2 1 2 2 2 2 2 1 1 1 2 1 2 2 2 
95 950000 0 0 1 0  2 2 2 1 1 2 2 2 2 1 1 2 1 2 2 2 2 1 1 1 1 2 2 2 1 2 1 2 2 2 1 1 2 2 2 2 1 1 2 1 2 2 2 1 2 1 1 1 1 2 2 1 1 2 2 1 2 2 2 1 2 1 2 2 2 2 2 2 2 2 2 2 2 2 1 2 1 2 1 2 2 1 1 2 1 1 1 2 2 2 1 1 2 1 2 1 2 2 2 2 
95 950001 0 0 2 0  2 1 2 2 2 2 2 1 1 1 2 2 2 2 2 2 1 2 2 1 1 2 2 1 2 1 2 1 1 2 2 1 1 2 2 2 2 1 1 2 2 2 2 2 1 2 1 2 2 2 2 2 2 0 2 2 1 2 1 2 2 2 2 1 2 1 2 2 2 1 2 1 2 2 2 2 1 1 1 1 2 2 1 2 2 2 2 2 1 1 2 2 2 1 2 2 1 2 2 2 
96 960000 0 0 1 1  1 2 2 2 1 2 2 2 0 1 2 2 2 2 1 2 2 1 0 2 1 2 0 1 2 2 1 2 1 2 1 2 2 2 2 2 2 2 1 2 2 2 2 1 1 2 2 2 1 2 2 1 2 2 1 2 1 2 1 1 1 2 2 1 1 2 2 2 1 2 2 2 2 2 1 2 1 2 1 2 1 2 2 2 2 2 2 2 2 1 2 1 0 1 0 1 2 2 2 1 
96 960001 0 0 2 0  2 2 2 2 2 1 2 1 2 1 2 2 2 2 1 1 2 2 1 2 1 2 1 2 2 2 1 2 2 2 2 2 1 1 2 2 2 2 2 2 2 2 1 2 2 2 1 2 1 2 2 2 2 2 1 2 2 2 2 2 1 2 2 2 2 1 2 2 1 1 2 2 2 2 1 2 2 0 0 1 2 2 2 2 1 0 2 1 2 0 0 2 1 2 2 1 1 1 2 1 
97 970000 0 0 1 0  2 2 1 2 1 2 1 2 0 1 1 2 2 1 2 2 1 1 0 2 1 2 2 2 2 2 2 0 2 2 2 2 2 2 1 1 1 1 1 1 1 2 2 1 2 2 2 1 2 1 2 2 2 2 1 2 2 2 2 1 2 1 2 2 2 2 2 1 1 2 1 2 1 2 0 2 1 1 2 1 2 2 1 2 2 0 2 2 2 2 2 2 2 2 2 2 1 2 2 1 
97 970001 0 0 2 0  2 2 1 2 1 1 1 2 2 2 2 2 1 2 2 2 2 1 2 2 2 1 2 2 1 2 2 2 1 2 2 2 2 2 1 2 1 2 1 2 2 2 1 2 2 2 2 2 2 2 1 1 0 1 2 2 2 2 2 2 1 1 1 2 1 2 2 2 2 2 2 2 2 2 2 1 2 1 1 0 1 2 1 2 2 2 1 1 1 0 2 1 2 1 2 2 2 1 1 1 
98 980000 0 0 1 0  1 2 1 2 2 1 2 2 1 2 1 2 2 1 2 2 1 2 0 2 2 2 2 2 1 1 2 1 2 2 1 2 2 1 1 1 2 2 2 2 2 2 2 2 2 1 2 0 1 1 2 2 2 2 1 2 2 1 2 1 2 1 1 0 2 2 2 1 1 2 2 2 2 1 2 2 2 2 1 2 2 2 1 1 1 1 2 2 2 2 1 1 2 2 2 2 2 0 2 2 
98 980001 0 0 2 0  1 1 2 2 2 2 2 2 2 2 1 1 2 2 2 2 2 2 1 2 2 2 2 2 0 2 2 1 2 2 1 2 2 2 2 1 2 2 1 2 2 2 2 2 1 2 2 2 2 2 2 1 2 2 2 2 1 2 2 2 1 2 2 2 1 1 2 2 2 1 2 2 2 1 2 2 2 2 2 1 2 1 2 1 2 2 2 2 1 2 2 2 2 1 2 2 1 1 2 2 
99 990000 0 0 1 1  2 2 2 2 1 2 2 2 2 2 2 2 2 2 2 1 2 2 0 2 2 1 1 1 2 2 2 1 2 2 1 2 2 1 1 2 2 2 1 2 2 2 2 2 2 1 1 1 2 2 1 1 1 2 2 1 2 1 2 2 2 1 2 2 2 2 2 0 0 2 2 2 2 0 2 1 1 2 2 1 2 2 1 1 2 2 2 1 2 2 2 2 2 1 1 2 2 2 2 2 
99 990001 0 0 2 0  2 2 2 2 2 1 2 2 2 2 2 1 1 2 2 2 2 2 2 2 1 1 2 2 2 2 2 1 2 1 1 1 2 2 2 2 1 2 1 2 2 1 2 1 2 2 2 2 2 1 2 1 1 2 2 2 1 1 2 2 1 2 1 1 2 1 2 2 2 1 2 1 2 2 1 2 2 2 2 2 2 1 1 1 2 2 2 0 2 2 2 2 1 2 2 1 2 2 2 1 
100 1000000 0 0 1 1  2 2 1 0 2 1 1 1 2 2 1 2 2 2 2 2 2 2 1 2 2 2 2 2 2 2 2 2 2 2 1 2 1 2 1 2 2 2 2 2 2 2 2 2 2 2 2 2 2 2 1 2 2 2 2 2 2 1 1 1 2 1 2 1 1 2 2 1 1 1 1 0 2 1 2 2 2 2 2 2 1 1 2 1 2 1 1 0 0 1 2 2 2 2 2 2 0 2 2 2 
100 1000001 0 0 2 1  2 2 1 1 1 2 1 2 1 1 1 1 2 2 2 2 2 2 2 2 1 1 2 2 1 2 1 2 2 2 2 2 2 2 2 2 2 2 2 1 2 2 2 2 1 2 2 2 2 2 1 2 1 1 2 2 2 2 2 2 1 2 1 2 2 2 2 2 2 2 2 2 2 1 1 1 1 2 2 2 1 2 2 2 1 2 0 2 1 2 2 2 2 2 1 2 2 2 1 2 
101 1010000 0 0 1 0  2 2 2 2 1 0 1 2 2 1 1 2 1 2 2 2 2 2 2 2 1 2 2 0 1 2 1 2 2 2 2 1 2 1 2 2 2 2 2 1 2 1 1 1 2 2 1 1 2 2 2 2 2 1 1 2 1 2 2 2 2 1 2 2 2 2 2 2 2 2 2 2 1 2 1 2 2 2 2 2 1 2 1 2 1 0 1 2 2 2 2 1 2 2 1 2 2 2 2 0 
102 1020000 0 0 1 1  2 1 1 1 2 1 2 1 1 2 2 1 1 2 1 2 2 1 2 1 1 1 0 2 2 2 2 2 1 2 2 1 2 2 2 2 2 2 0 2 2 2 2 1 0 2 2 2 2 1 1 2 2 1 1 2 2 2 2 2 1 2 1 2 2 2 2 2 2 2 2 2 2 2 2 2 1 2 1 2 2 2 2 1 2 2 1 2 1 2 1 1 2 2 2 2 2 1 2 0 
103 1030000 0 0 1 1  2 2 1 2 2 2 2 1 2 2 2 2 2 1 2 2 1 2 2 2 0 1 2 1 2 2 2 2 1 2 2 2 2 2 2 1 2 1 2 1 2 1 2 2 1 1 1 2 1 2 2 2 2 2 2 2 2 1 2 2 1 2 2 1 1 1 2 2 2 1 2 2 0 2 2 2 2 2 1 2 2 2 1 2 0 1 2 2 2 1 1 1 2 2 1 2 2 2 1 0 
104 1040000 0 0 1 1  2 2 2 2 2 2 1 2 2 1 2 2 1 1 2 2 2 2 2 0 2 2 2 2 2 2 2 2 2 2 1 1 1 2 0 1 2 2 2 2 2 2 2 2 2 2 0 1 2 1 1 1 2 2 2 1 1 2 2 2 2 2 2 0 2 1 2 2 2 1 2 2 1 2 1 2 2 1 2 1 2 2 1 1 2 1 2 2 1 2 2 1 1 2 2 2 2 2 2 0 
105 1050000 0 0 1 0  2 1 2 2 2 2 2 1 1 1 2 1 1 1 1 2 1 2 2 2 2 1 2 1 1 1 2 2 1 0 2 1 1 1 2 1 1 2 0 1 2 1 1 1 2 2 2 2 2 1 1 1 0 1 2 2 0 1 2 2 2 2 2 2 2 2 2 2 1 2 2 1 2 2 2 1 2 1 1 2 2 1 1 2 1 1 1 2 2 1 1 2 2 2 1 2 2 2 2 0 
106 1060000 0 0 1 0  2 2 2 1 2 2 1 2 1 2 1 2 2 2 2 1 1 2 2 2 2 2 2 2 1 2 2 2 1 1 2 2 1 2 2 1 1 2 0 2 2 2 1 2 2 2 2 1 2 1 2 0 1 2 2 2 2 2 2 2 2 2 1 2 2 2 2 2 0 2 2 2 2 2 2 1 2 2 2 2 2 2 1 2 1 2 1 2 2 2 1 1 2 1 1 2 2 2 2 0 
107 1070000 0 0 1 1  2 1 1 1 2 1 2 2 1 1 2 2 1 2 2 1 2 2 1 2 1 1 2 2 2 1 0 2 2 1 2 2 2 2 2 1 2 2 1 2 1 1 2 2 1 2 2 2 2 1 1 2 2 1 2 2 2 2 2 1 2 2 1 2 2 2 2 1 1 2 2 0 2 2 2 2 2 1 2 2 1 2 1 2 2 2 2 1 2 2 2 2 2 2 0 1 1 2 2 0 
108 1080000 0 0 1 1  1 2 2 0 2 2 2 1 1 1 2 2 1 2 2 2 2 2 2 0 1 2 2 1 2 1 1 2 2 2 2 1 1 1 2 2 2 1 2 2 0 2 2 1 2 2 1 2 2 2 1 2 0 1 2 0 2 2 1 1 1 2 2 2 1 2 2 2 2 2 2 2 2 2 1 2 2 2 1 1 1 1 2 2 1 2 1 2 2 2 2 2 1 1 2 0 2 1 1 0 
109 1090000 0 0 1 0  1 2 2 2 2 2 2 1 1 2 2 2 1 1 2 1 2 2 2 2 1 1 0 2 2 1 1 2 1 1 2 1 2 2 2 1 2 1 0 2 2 2 2 1 1 2 2 2 2 1 2 2 0 2 2 2 2 2 1 1 2 2 1 2 2 2 2 2 1 2 2 1 1 2 1 1 2 2 2 2 2 1 2 2 2 2 2 2 2 2 2 1 2 2 2 2 2 2 2 0 
110 1100000 0 0 1 0  1 2 2 1 1 2 0 2 2 1 2 2 2 1 1 2 1 1 2 2 2 2 2 2 2 1 2 0 2 2 2 2 2 2 2 1 2 2 2 2 2 0 2 2 1 2 1 2 2 2 2 1 2 1 2 2 2 1 2 2 2 1 2 1 1 2 1 1 2 1 2 2 1 0 2 1 2 0 2 1 2 2 1 1 1 2 1 1 2 2 2 2 2 2 1 1 2 2 2 0 
111 1110000 0 0 1 0  1 2 2 2 1 2 1 2 2 2 2 1 2 2 2 1 2 2 2 1 1 2 2 2 2 2 2 2 2 2 2 2 2 2 2 0 1 2 1 1 2 2 2 2 1 1 2 2 2 0 2 1 1 2 2 2 2 1 1 1 1 2 2 2 2 2 2 2 1 2 2 2 1 1 2 2 2 1 2 2 1 1 1 2 2 2 1 1 1 2 2 2 1 2 1 1 1 1 2 0 
112 1120000 0 0 1 0  2 1 2 1 2 2 2 2 2 1 2 2 2 1 1 1 2 2 2 1 2 2 1 2 2 1 2 2 2 1 2 2 1 2 2 2 0 1 2 2 2 2 2 2 2 2 2 2 2 2 2 1 2 1 1 2 1 2 1 2 2 2 2 2 2 1 2 1 2 1 2 2 1 2 1 2 1 2 2 2 2 2 2 2 1 2 1 1 1 2 2 2 2 2 1 2 2 2 2 0 
113 1130000 0 0 1 0  2 2 1 2 2 1 2 1 1 2 2 2 1 2 2 2 2 1 1 2 2 2 2 2 2 2 2 2 1 2 2 2 2 2 2 2 2 1 1 1 2 2 2 2 2 2 2 2 1 2 2 2 2 2 1 2 2 2 2 2 2 2 2 2 1 2 2 2 2 2 2 1 2 2 1 1 2 2 2 2 2 2 2 2 1 1 2 1 1 2 1 1 2 2 1 1 1 1 2 0 
114 1140000 0 0 1 0  2 2 0 2 1 2 1 2 1 2 1 1 2 2 2 2 2 2 2 0 2 2 2 2 2 2 2 2 1 1 1 2 2 2 1 1 1 2 1 2 2 2 2 1 2 2 2 2 1 2 2 1 1 2 1 2 2 1 1 2 2 2 2 1 2 2 2 1 1 2 1 2 2 1 1 2 2 0 2 2 2 2 1 1 2 2 1 1 2 2 2 2 2 2 1 2 2 2 2 0 
115 1150000 0 0 1 0  1 2 2 1 2 2 1 1 1 2 2 1 2 2 2 1 2 2 2 1 1 2 1 2 2 2 2 2 2 1 2 2 1 1 0 2 0 0 2 2 2 2 1 2 1 2 2 2 1 0 1 2 2 2 2 2 1 2 2 2 1 2 1 2 2 1 1 2 2 2 2 2 2 2 2 1 2 2 1 2 1 2 2 1 2 2 1 2 1 1 2 2 2 2 1 1 2 2 2 0 
116 1160000 0 0 1 0  1 2 1 1 1 1 1 2 1 2 2 2 2 1 1 2 1 1 2 1 2 2 2 2 2 2 2 2 2 2 2 2 2 2 2 2 2 1 2 2 2 2 2 2 2 2 2 2 1 1 2 2 2 2 2 2 2 1 2 2 2 2 2 2 1 2 2 2 2 1 2 1 0 2 2 1 1 1 1 1 2 1 2 2 2 2 2 2 2 2 2 2 0 2 2 2 1 2 2 0 
117 1170000 0 0 1 1  2 2 2 1 2 2 1 1 2 1 1 2 2 1 2 2 2 2 2 2 2 2 2 2 1 2 1 2 2 2 2 2 2 2 1 1 2 1 2 2 2 2 2 2 1 1 1 2 1 1 1 1 1 2 2 1 2 1 1 2 2 2 1 1 2 2 2 1 2 0 2 2 2 1 2 1 2 1 2 2 2 2 2 2 2 2 1 1 2 2 2 0 1 2 2 2 1 1 2 0 
118 1180000 0 0 1 0  2 2 2 0 2 1 2 1 2 2 1 2 1 2 2 2 1 1 2 1 2 2 2 1 1 2 1 2 2 2 0 2 1 1 2 2 2 1 2 2 1 0 2 1 2 2 2 2 2 2 2 2 2 1 1 2 2 2 1 2 2 2 2 1 2 2 2 1 2 2 2 1 1 2 2 2 1 2 1 2 2 1 2 2 0 2 2 2 2 2 2 1 2 2 1 2 1 0 2 0 
119 1190000 0 0 1 0  2 2 2 1 2 2 2 1 2 2 2 1 2 2 2 2 2 1 2 1 2 2 1 2 2 2 2 1 2 2 2 2 1 2 1 2 2 2 2 2 2 2 2 2 2 2 2 1 2 1 2 1 1 1 2 2 2 1 2 1 2 2 2 1 1 2 2 2 1 2 2 2 2 2 2 2 1 1 2 2 2 2 1 2 2 1 2 2 2 2 1 2 2 1 1 2 2 2 2 0 
120 1200000 0 0 1 0  1 2 2 1 2 1 1 0 2 2 1 1 2 2 1 1 1 2 2 2 2 1 2 1 1 2 0 1 2 0 2 2 1 2 2 1 2 2 2 1 1 2 1 2 2 2 2 2 1 0 2 1 2 1 1 2 2 2 1 1 2 1 2 2 2 2 1 1 1 1 2 2 0 2 1 1 2 2 2 2 2 1 2 2 2 1 2 1 2 2 2 2 2 2 2 2 1 0 2 0 
121 1210000 0 0 1 0  2 1 2 2 2 1 2 2 2 2 1 1 2 2 1 2 2 2 1 2 2 2 0 2 2 2 1 1 1 2 2 2 2 2 2 1 1 2 1 2 2 2 2 2 2 2 2 2 2 2 2 1 1 1 2 1 2 2 2 2 2 2 0 2 1 1 2 1 0 2 2 2 1 2 2 2 2 1 1 1 0 1 2 1 2 1 1 2 1 2 1 2 2 1 2 2 2 1 1 0 
122 1220000 0 0 1 0  1 2 2 2 2 2 1 2 1 2 2 2 1 1 2 2 0 2 2 1 2 2 2 2 2 2 2 1 2 1 2 1 2 1 2 2 2 1 2 2 1 1 2 2 2 1 2 1 2 2 1 2 2 1 2 2 1 2 2 2 2 1 2 2 0 2 1 2 0 1 2 2 2 1 0 2 2 1 1 2 2 2 2 1 2 2 0 2 2 2 1 1 2 2 2 2 2 2 2 0 
123 1230000 0 0 1 0  2 2 2 2 0 2 2 1 2 1 1 0 1 2 1 2 2 2 2 2 2 2 2 1 1 2 2 2 1 1 2 2 2 2 1 1 1 2 2 2 2 2 1 2 2 2 1 2 2 2 2 2 2 2 1 2 2 2 2 1 2 2 2 1 1 2 2 2 2 2 2 2 1 2 2 1 2 0 2 2 2 2 0 2 2 2 2 2 2 2 2 1 2 2 2 1 2 1 1 0 
124 1240000 0 0 1 1  1 1 2 2 2 1 2 2 1 2 2 1 2 1 0 1 2 2 1 2 2 1 1 1 2 2 2 1 1 2 2 1 2 2 2 2 1 1 2 1 1 2 2 1 2 2 2 1 2 2 2 1 2 2 2 2 1 1 1 2 2 2 2 1 2 2 1 2 1 1 1 1 2 2 2 1 2 2 1 2 2 2 1 2 2 1 2 2 2 2 2 2 2 2 2 2 1 2 2 0 
125 1250000 0 0 1 0  2 2 2 2 1 2 2 2 2 2 1 1 2 2 2 1 2 2 1 2 2 2 2 1 2 2 2 1 0 2 2 2 2 1 2 1 1 2 2 1 2 2 2 1 2 1 1 2 2 2 2 2 2 2 2 2 2 2 2 1 2 2 1 1 2 1 1 2 1 2 2 2 2 2 0 1 1 2 2 2 2 2 2 2 2 2 1 1 2 2 2 2 2 1 2 2 1 2 2 0 
126 1260000 0 0 1 0  1 2 2 2 1 2 2 2 2 0 2 1 2 2 1 2 2 2 1 2 2 2 1 2 2 2 2 0 1 2 1 2 2 1 2 2 1 2 2 1 2 2 2 2 2 0 2 1 0 2 1 2 2 2 2 0 0 2 1 2 2 2 2 2 2 2 1 1 2 1 2 2 1 2 2 1 2 2 2 1 2 2 2 2 2 1 2 2 1 1 1 1 2 1 2 2 0 2 2 0 
127 1270000 0 0 1 0  2 2 2 1 2 1 1 1 2 2 2 2 2 1 2 2 1 2 1 2 2 1 1 1 2 1 2 2 2 2 2 1 2 1 2 1 2 1 2 2 1 2 0 2 0 2 1 2 2 2 1 0 1 1 2 2 2 1 1 2 2 2 1 2 2 1 2 2 2 2 1 2 2 2 2 1 2 2 1 2 1 1 2 2 2 2 1 1 1 2 2 2 2 2 2 2 2 0 0 0 
128 1280000 0 0 1 0  2 2 1 2 2 1 2 2 2 1 2 2 2 2 2 1 1 1 1 2 2 1 0 2 1 2 1 1 1 2 1 1 2 2 1 2 2 2 2 2 2 1 0 2 2 2 1 1 2 2 2 2 2 2 2 2 2 2 2 1 2 2 2 2 2 2 2 1 2 2 2 2 1 2 1 2 2 1 2 2 2 2 1 2 1 1 2 2 2 1 2 2 2 2 1 2 2 1 2 0 
129 1290000 0 0 1 0  2 2 2 2 2 2 1 2 2 2 2 2 0 2 2 2 2 1 1 2 2 1 2 2 2 2 2 2 2 1 2 2 2 2 1 2 2 1 1 2 2 2 1 2 0 1 2 2 0 2 2 2 2 1 2 2 1 2 1 1 1 1 0 1 1 2 2 2 2 1 2 2 0 2 2 2 2 1 1 2 1 2 2 2 1 2 2 2 2 2 2 1 1 1 2 1 2 2 0 0 
130 1300000 0 0 1 0  2 1 1 2 2 2 2 2 1 2 2 2 2 1 2 1 1 2 2 2 2 2 1 0 2 2 2 0 1 2 2 0 2 0 2 1 2 2 2 2 1 2 2 1 1 2 1 0 1 2 2 2 1 1 2 2 2 2 1 2 1 1 2 1 1 2 2 2 1 1 2 1 1 2 2 2 1 2 2 2 2 2 1 1 2 2 1 2 2 2 2 2 2 2 2 2 2 2 2 0 
131 1310000 0 0 1 0  1 2 2 1 1 2 1 2 2 1 2 2 2 1 1 2 2 2 2 2 2 2 1 0 2 1 2 2 2 0 2 2 2 2 2 2 2 2 2 2 2 2 1 2 1 2 2 0 2 2 2 1 1 1 2 2 2 2 2 2 2 2 1 1 2 2 2 2 1 2 2 2 2 2 2 1 2 2 2 1 2 2 1 1 2 2 2 2 2 2 2 1 1 2 2 1 2 2 2 0 
132 1320000 0 0 1 0  2 2 1 2 2 2 2 2 1 2 2 2 2 1 1 1 1 1 1 0 2 1 1 2 1 2 2 2 2 1 1 2 2 2 2 2 2 2 2 2 1 1 1 1 2 2 2 1 2 2 2 2 2 2 2 2 2 2 2 2 2 1 2 2 1 2 1 2 2 0 1 2 2 2 1 2 2 1 2 2 2 2 0 2 2 2 1 2 1 1 2 2 2 1 2 1 1 2 2 0 
133 1330000 0 0 1 1  2 2 2 2 2 1 2 1 2 2 2 1 1 2 1 2 2 2 2 1 1 2 1 1 1 2 2 2 2 2 2 1 1 2 2 2 1 2 1 2 2 2 2 2 2 2 1 2 2 2 2 2 1 2 2 0 2 2 1 1 2 2 1 2 2 2 2 1 2 1 2 2 2 2 2 1 1 2 2 2 2 2 2 1 1 1 1 2 2 2 2 2 1 0 1 2 2 2 2 0 
134 1340000 0 0 1 0  2 2 2 2 1 1 1 1 1 1 1 1 2 1 1 1 2 2 2 2 2 2 2 2 2 2 1 1 1 2 2 1 2 2 2 1 2 2 1 2 2 2 1 1 2 1 2 1 2 2 2 1 1 1 2 2 2 0 2 2 2 2 1 2 2 2 1 1 2 1 1 2 2 1 2 2 2 0 0 2 1 2 1 2 1 1 2 2 1 1 2 2 2 1 1 2 2 2 2 0 
135 1350000 0 0 1 1  2 1 1 1 2 2 2 2 2 2 2 2 0 1 2 2 1 2 2 2 2 1 1 2 2 2 1 2 2 1 1 1 2 2 2 1 0 2 2 0 2 2 2 2 1 2 1 2 2 2 1 2 2 2 2 2 1 2 1 2 1 2 2 2 2 1 2 1 2 2 0 2 2 2 0 2 2 2 2 2 2 2 2 1 1 2 2 2 2 2 2 1 2 1 1 2 0 1 2 0 
136 1360000 0 0 1 0  1 1 2 1 2 1 2 2 2 2 2 1 1 2 2 1 1 1 2 2 1 2 1 1 2 2 1 2 2 2 2 2 2 2 2 2 1 2 2 2 2 2 2 2 2 1 2 1 2 1 2 2 2 0 2 2 2 2 2 0 1 2 1 2 2 2 2 1 2 2 2 1 2 1 2 1 2 0 2 2 2 2 2 1 2 2 2 2 1 1 1 1 1 2 0 2 1 2 2 0 
137 1370000 0 0 1 0  2 2 2 1 1 1 2 1 1 2 2 2 1 2 1 1 2 1 2 2 2 2 2 2 2 2 2 0 2 2 2 2 2 1 2 2 2 2 2 2 1 2 2 2 2 1 2 2 1 2 1 2 2 1 1 1 1 2 2 1 2 2 1 1 2 2 1 1 2 2 2 2 1 2 2 2 2 2 2 2 1 2 2 2 2 2 2 2 2 1 1 1 2 1 2 1 1 0 2 0 
138 1380000 0 0 1 0  0 2 1 2 1 1 2 2 2 2 0 2 2 2 2 1 2 2 2 2 2 2 2 1 2 2 2 2 2 1 1 2 2 2 2 2 2 2 2 2 2 1 0 1 2 2 2 1 2 1 2 1 2 2 2 1 2 1 2 2 1 2 1 1 2 2 2 2 2 2 2 0 1 2 0 1 2 2 1 1 2 2 2 1 2 2 2 2 2 2 2 2 2 1 1 2 2 1 2 0 
139 1390000 0 0 1 0  1 2 1 1 2 1 1 2 1 1 2 1 1 1 1 2 1 2 2 1 1 1 2 2 2 1 2 1 1 2 2 2 1 1 2 2 1 2 2 2 1 2 2 2 1 1 1 2 2 1 2 2 2 2 2 2 2 1 1 2 2 2 2 2 2 2 1 2 1 1 1 1 2 2 2 2 1 1 2 2 2 1 2 2 2 0 2 2 2 2 2 1 1 2 2 1 2 2 0 0 
140 1400000 0 0 1 0  1 2 1 2 2 2 1 2 0 2 2 2 2 2 2 2 2 2 2 2 1 1 2 1 2 1 2 2 1 2 2 2 2 2 1 1 2 2 2 1 2 0 2 1 0 2 2 2 2 1 2 2 2 0 1 1 2 1 1 2 2 1 2 1 2 2 2 1 2 2 2 2 2 2 2 2 1 2 2 1 2 2 2 2 2 2 2 2 1 0 2 2 1 0 1 1 2 2 0 0 
141 1410000 0 0 1 0  2 2 1 2 2 2 2 1 2 2 2 2 2 1 1 2 1 1 1 1 2 1 2 2 1 2 2 2 2 0 1 2 1 2 2 2 2 2 2 2 1 2 2 2 2 2 1 2 2 1 1 2 2 2 2 1 2 2 2 1 2 2 2 2 2 1 2 2 2 2 2 1 1 2 2 2 2 2 2 2 2 2 2 1 2 2 2 1 2 2 2 2 2 1 2 2 1 1 2 0 
142 1420000 0 0 1 0  2 1 1 1 2 2 1 2 2 1 2 1 2 2 1 2 1 2 2 2 2 2 0 2 2 2 2 2 1 1 2 2 2 2 0 2 1 2 2 2 2 2 2 1 2 2 1 2 2 2 2 2 1 2 2 1 2 2 2 2 0 1 1 2 2 2 2 2 2 2 2 2 2 2 1 2 2 2 2 0 2 2 2 2 2 1 2 2 0 1 2 1 2 2 1 2 2 2 1 0 
143 1430000 0 0 1 0  2 2 2 2 1 1 1 1 1 1 2 2 2 2 2 2 2 1 2 1 2 2 2 2 2 2 2 1 2 2 2 2 1 2 1 1 2 2 2 2 2 2 2 1 2 0 1 2 2 1 2 1 1 2 2 1 1 1 2 2 2 2 2 2 2 1 2 2 1 2 1 1 2 2 2 0 1 2 1 2 2 2 1 2 2 2 0 2 2 2 1 2 2 1 2 2 2 2 2 0 
144 1440000 0 0 1 0  2 2 1 2 2 2 2 2 2 1 2 1 1 2 2 2 2 1 2 0 2 2 0 1 2 2 1 2 2 2 1 2 1 2 1 2 1 2 2 2 2 1 1 2 2 2 2 1 2 2 2 1 2 2 2 2 2 0 1 2 2 2 2 2 2 2 2 2 2 2 1 2 2 2 2 1 0 2 1 1 2 2 2 1 0 2 1 2 2 1 2 2 2 2 2 2 2 1 2 0 
145 1450000 0 0 1 0  1 2 2 2 2 2 1 1 2 1 2 1 2 2 2 2 2 1 2 2 1 2 2 2 2 2 1 0 2 2 1 2 2 1 2 2 2 0 2 2 1 2 1 2 2 2 2 2 2 2 1 2 2 2 2 2 1 2 2 2 2 2 2 2 2 1 2 0 2 1 1 2 0 2 2 2 2 2 2 2 2 1 1 2 2 1 2 1 2 1 1 1 2 2 1 1 2 2 2 0 
146 1460000 0 0 1 1  1 2 1 2 2 2 2 1 2 1 2 1 2 1 2 2 1 2 2 1 2 1 1 2 1 2 1 2 2 2 1 2 2 2 2 2 2 2 1 2 1 2 2 1 2 1 0 2 2 2 2 2 2 2 1 1 2 2 1 2 1 1 2 1 2 2 2 1 1 2 2 2 2 1 1 2 2 2 2 1 1 2 2 2 2 2 1 1 2 1 2 2 2 1 1 0 2 2 2 0 
147 1470000 0 0 1 0  1 2 1 1 2 2 2 1 2 2 2 1 1 2 2 1 1 0 2 1 2 2 1 2 2 2 1 2 2 2 2 1 2 1 2 2 2 2 1 2 2 1 1 2 1 2 1 2 1 2 2 2 2 0 2 2 2 2 2 2 2 2 2 2 1 0 1 2 1 2 2 2 2 2 2 1 1 2 1 2 2 1 2 2 1 2 2 2 1 2 2 2 2 1 2 2 1 2 1 0 
148 1480000 0 0 1 0  2 2 2 1 0 2 2 1 2 1 2 2 2 1 2 2 0 2 2 2 2 2 2 2 2 2 2 2 2 0 2 2 1 2 2 2 2 2 2 2 2 2 0 2 1 2 1 2 2 2 2 2 2 1 2 1 0 1 2 0 2 2 2 2 2 1 2 1 1 2 1 1 2 2 2 1 2 2 2 2 2 2 2 2 0 2 2 2 2 1 2 0 2 1 1 2 0 2 2 0 
149 1490000 0 0 1 1  2 2 2 2 1 2 1 2 2 1 2 2 2 2 2 2 2 1 1 2 1 2 2 1 1 2 1 1 2 1 1 1 2 2 2 2 1 1 1 2 2 2 2 2 1 2 2 2 1 2 2 1 2 1 2 2 2 2 1 2 2 0 2 2 2 2 2 2 1 2 1 1 2 2 2 2 2 2 1 2 1 2 2 2 2 2 2 2 2 1 1 2 2 2 1 1 2 0 1 0 
150 1500000 0 0 1 0  1 1 1 1 2 1 1 2 2 2 1 2 2 2 2 2 2 1 2 2 1 1 2 2 2 2 2 0 1 0 2 1 2 2 2 1 2 1 1 1 1 1 2 2 2 2 1 2 2 2 2 1 2 1 1 2 1 2 2 2 0 2 1 2 0 2 2 2 1 1 0 1 2 1 0 2 2 1 2 1 2 2 2 2 2 1 2 2 2 1 2 2 1 1 2 1 2 2 2 0 
151 1510000 0 0 1 0  1 1 1 1 2 1 2 2 2 2 1 2 2 2 2 1 2 1 2 2 1 2 1 2 2 2 2 1 1 2 2 2 1 1 2 2 1 1 2 2 2 2 0 0 2 1 1 0 1 1 2 2 2 2 1 1 2 2 1 1 0 2 1 2 2 1 2 2 2 2 2 1 1 2 1 2 2 1 2 2 2 0 1 2 2 2 2 2 2 2 2 2 1 2 2 2 1 2 1 0 
152 1520000 0 0 1 1  1 2 2 1 1 2 2 2 1 2 2 0 2 2 1 1 1 2 1 2 2 1 2 0 1 1 2 1 1 1 2 2 1 1 1 2 2 2 1 1 2 1 0 2 1 1 2 2 2 2 2 1 2 1 2 0 0 1 2 2 2 1 2 2 2 1 2 1 1 2 1 2 2 2 2 1 1 2 0 1 2 0 2 1 2 2 2 1 1 1 1 1 2 1 1 2 2 2 2 0 
153 1530000 0 0 1 0  2 2 0 2 2 2 2 1 2 2 2 2 2 2 2 1 1 1 2 2 2 2 2 2 2 2 1 2 2 2 2 2 2 2 2 2 1 2 2 1 2 2 1 2 2 2 2 2 1 2 1 2 2 1 0 1 2 2 2 2 1 2 1 1 2 2 0 2 1 1 2 2 2 2 2 2 2 1 2 2 1 2 1 2 2 2 1 1 2 2 2 2 2 2 1 1 2 1 2 0 
154 1540000 0 0 1 0  2 2 2 2 2 2 2 2 2 2 2 1 2 2 2 1 0 2 2 2 2 2 2 2 1 2 2 2 1 2 2 0 0 1 2 2 1 2 2 1 2 2 2 2 2 1 2 2 2 2 1 2 2 2 1 2 2 2 2 2 2 2 2 1 2 2 1 2 1 2 1 2 2 2 2 2 2 2 2 2 1 2 2 1 1 1 2 2 2 2 2 1 2 1 1 2 2 2 2 0 
155 1550000 0 0 1 0  0 1 1 2 1 1 2 2 2 1 2 2 1 1 1 1 2 2 2 2 2 2 1 2 1 2 2 2 2 2 1 2 2 1 0 2 1 2 2 2 2 0 1 1 1 0 2 1 2 2 2 2 2 2 1 1 2 2 1 1 2 2 2 2 2 1 2 1 1 1 2 2 2 2 1 2 2 1 2 2 2 2 0 1 2 1 2 2 1 2 2 2 2 2 1 1 1 2 2 0 
156 1560000 0 0 1 1  2 2 2 2 2 1 2 1 1 2 1 2 1 2 2 2 1 2 2 2 2 2 1 2 2 1 2 2 2 0 2 2 1 1 2 2 1 2 2 2 1 1 1 1 2 1 2 1 1 1 2 1 2 1 2 2 2 2 2 2 1 1 2 2 2 2 2 2 2 2 1 1 2 2 2 2 2 2 2 1 2 1 2 2 2 2 1 1 2 2 2 2 1 2 0 2 2 2 1 0 
157 1570000 0 0 1 0  2 2 1 2 2 2 1 2 2 2 1 2 2 2 2 1 2 2 2 0 2 1 2 2 2 2 1 2 2 1 1 2 1 1 1 2 2 1 2 2 1 2 2 2 2 1 2 2 2 1 1 2 2 1 2 2 1 2 1 1 2 2 1 0 2 2 2 2 2 2 2 2 1 1 2 1 1 2 2 2 2 2 0 1 2 2 2 2 2 1 2 2 2 2 1 2 1 2 2 0 
158 1580000 0 0 1 0  2 1 1 1 2 1 2 2 1 2 2 0 2 1 2 2 2 1 2 2 1 2 1 2 1 2 2 2 2 2 2 1 1 2 2 2 2 2 2 2 1 2 2 2 2 1 0 2 2 2 1 2 2 1 2 2 2 2 1 2 2 1 2 2 2 1 2 2 2 2 1 2 0 2 1 2 1 1 2 2 2 1 2 2 1 2 1 2 2 1 2 2 2 2 2 1 2 1 2 0 
159 1590000 0 0 1 1  1 2 2 2 2 2 2 2 2 2 2 2 2 2 2 1 2 2 2 2 2 2 2 1 2 2 2 2 2 1 1 2 2 1 1 1 2 2 2 2 2 2 2 2 2 2 2 2 1 2 2 1 2 2 1 2 1 0 2 2 2 2 2 2 2 2 2 2 2 2 2 2 2 1 1 1 1 2 2 2 2 2 2 2 1 2 2 1 1 2 1 2 2 2 2 1 2 1 2 0 
160 1600000 0 0 1 0  2 1 1 2 2 2 2 2 2 1 2 2 2 2 2 2 2 1 1 2 2 1 1 2 1 2 2 2 2 1 2 1 1 2 2 1 2 2 2 2 1 1 2 1 1 2 2 1 2 1 1 2 2 2 1 2 2 2 2 2 2 2 2 2 2 2 2 0 2 2 1 2 2 2 2 1 1 1 2 2 0 1 2 2 2 2 2 2 2 2 1 2 2 1 2 2 2 1 1 0 
161 1610000 0 0 1 0  2 2 1 2 0 1 2 1 2 2 1 1 2 1 2 2 2 2 2 2 1 1 2 1 2 2 1 2 2 2 1 2 1 2 2 0 2 2 2 2 2 1 2 2 2 1 1 1 2 1 2 1 2 2 1 2 1 2 2 2 1 2 1 2 2 2 2 2 1 2 1 2 2 2 2 2 2 1 2 2 1 2 1 2 1 2 2 1 2 2 2 2 2 2 2 2 2 1 1 0 
162 1620000 0 0 1 0  1 1 2 1 2 1 2 2 2 2 2 2 2 2 1 2 2 2 1 2 1 2 1 1 2 1 2 2 2 1 2 2 2 2 1 1 2 2 1 2 2 2 2 1 2 1 2 2 1 2 2 1 0 2 2 2 2 2 2 1 2 2 2 1 1 2 1 2 2 2 2 2 2 2 2 2 2 1 2 1 2 1 1 2 1 2 2 2 2 0 2 2 2 2 2 1 1 2 2 0 
163 1630000 0 0 1 0  1 2 1 2 2 2 2 1 2 2 2 1 1 1 1 1 0 1 2 2 2 0 2 1 1 2 2 1 0 2 1 1 2 2 1 1 2 1 2 2 2 1 2 2 1 2 2 2 0 2 1 2 1 2 2 2 2 2 1 2 0 2 2 2 2 1 2 1 2 2 2 1 1 2 2 2 2 2 1 1 2 1 1 2 2 1 2 2 2 2 2 1 1 0 1 2 2 2 1 0 
164 1640000 0 0 1 0  2 2 2 2 1 2 2 2 2 1 2 2 2 2 2 1 2 2 2 2 2 2 1 2 2 2 2 0 0 2 2 2 2 2 2 2 2 2 2 2 1 1 1 2 2 2 2 1 2 2 2 1 2 2 2 2 2 2 2 2 1 1 2 1 2 2 2 2 2 2 2 1 1 1 2 2 2 1 0 1 2 0 2 2 1 0 2 2 2 2 1 2 2 2 1 2 1 0 2 0 
165 1650000 0 0 1 1  2 2 1 2 2 1 1 2 1 2 2 2 1 2 1 2 2 2 2 0 2 1 2 2 2 1 2 1 1 2 2 2 2 2 2 1 2 2 2 1 2 1 1 2 1 1 1 2 2 1 2 2 2 2 2 2 2 2 2 2 2 2 2 2 2 2 2 2 2 2 2 1 2 2 2 2 2 2 2 2 1 1 1 2 1 2 1 2 2 1 2 2 2 2 1 2 2 2 2 0 
166 1660000 0 0 1 0  1 2 1 2 1 2 2 2 1 2 2 2 2 1 1 2 1 1 0 2 2 2 0 2 2 1 2 2 1 0 2 2 2 2 1 0 1 2 2 2 2 2 2 2 0 2 2 1 0 2 2 2 1 2 1 2 1 2 2 2 1 1 1 1 1 1 1 2 2 2 2 2 2 2 0 2 2 1 2 2 1 1 2 1 2 2 2 2 2 2 2 2 1 1 2 2 2 1 2 0 
167 1670000 0 0 1 0  1 1 2 2 2 2 2 2 1 1 2 2 1 2 2 1 2 2 2 2 2 2 2 2 2 2 2 1 2 2 1 2 2 2 1 2 2 1 1 2 1 1 2 2 2 2 2 2 2 2 2 0 1 2 2 1 2 2 2 1 2 1 2 1 2 2 1 2 2 2 2 2 2 2 1 2 2 2 2 2 1 2 2 1 2 2 2 2 2 1 1 1 2 2 2 2 2 2 1 0 
168 1680000 0 0 1 0  2 2 2 2 1 1 2 2 2 2 2 2 2 2 1 2 2 2 2 1 2 2 1 1 1 1 1 2 1 2 2 1 1 2 1 0 2 2 1 2 1 0 2 2 1 1 1 2 1 2 2 2 2 0 1 2 1 2 2 2 2 2 1 2 2 1 1 2 2 2 2 1 1 2 2 0 2 2 2 1 2 2 2 2 1 1 2 2 1 2 2 2 2 2 1 2 1 0 2 0 
169 1690000 0 0 1 0  1 2 2 2 2 2 2 1 1 2 2 2 1 2 2 2 2 0 2 2 2 2 2 1 2 2 2 2 1 1 1 1 2 1 1 2 2 2 2 0 1 2 2 2 2 2 1 2 2 1 1 2 2 2 1 2 2 2 2 1 2 1 2 2 2 2 2 2 2 1 2 2 2 2 2 2 2 1 1 1 2 2 2 2 2 2 1 1 1 2 2 2 2 2 2 1 2 2 1 0 
170 1700000 0 0 1 0  2 2 2 2 2 1 1 1 1 2 2 2 1 2 2 1 1 1 2 2 2 1 2 2 2 1 1 2 2 1 2 1 2 2 1 1 1 2 2 1 2 2 1 1 2 0 2 2 2 1 2 2 1 2 2 1 2 2 1 2 1 2 2 2 1 2 2 2 2 1 2 1 2 1 0 2 1 2 2 2 1 2 1 1 1 2 2 2 2 2 2 1 2 2 2 2 2 2 2 0 
171 1710000 0 0 1 0  2 2 2 0 2 2 2 2 2 2 1 1 2 2 2 2 1 2 2 0 2 2 1 2 2 2 2 2 1 2 2 1 2 1 2 0 1 1 2 1 1 1 2 2 2 1 2 2 2 0 1 2 2 2 2 2 1 2 1 2 2 2 2 2 2 2 2 2 2 2 2 2 2 2 1 1 1 1 1 2 2 2 2 1 2 2 1 2 2 2 2 2 0 1 1 2 2 2 2 0 
172 1720000 0 0 1 0  1 1 1 2 2 2 2 2 2 2 2 1 1 2 2 2 2 2 2 0 2 1 2 1 2 0 2 2 2 2 2 1 1 1 1 2 2 1 1 2 0 1 1 1 1 1 2 2 2 1 1 2 2 1 0 1 2 2 1 2 2 2 2 1 2 2 2 0 2 2 2 2 1 1 2 1 1 2 2 1 2 2 2 2 2 1 0 2 2 2 2 2 1 2 0 1 2 2 2 0 
173 1730000 0 0 1 1  2 2 1 2 2 1 2 1 1 2 2 2 1 2 2 1 2 2 2 2 2 2 2 2 2 1 2 2 2 1 1 2 2 2 2 2 1 1 2 1 2 1 2 2 2 2 2 0 2 2 2 2 1 2 2 1 2 1 2 2 1 2 2 2 1 1 0 2 1 2 2 2 2 2 2 2 2 2 1 2 2 1 2 1 2 1 2 2 2 2 2 2 1 2 1 1 1 2 0 0 
174 1740000 0 0 1 0  2 2 2 2 2 1 2 2 1 2 2 1 2 0 1 2 2 1 2 2 1 1 2 1 2 2 2 1 2 2 2 2 1 1 2 1 1 2 1 2 1 2 2 2 2 2 2 1 2 2 2 2 2 2 2 2 2 2 0 2 2 1 1 1 1 2 1 2 2 1 1 2 2 1 2 2 2 2 2 2 1 1 1 2 2 2 2 1 2 2 1 1 2 2 1 2 1 2 1 0 
175 1750000 0 0 1 0  2 2 1 1 1 1 1 1 2 2 2 2 2 2 0 1 1 1 2 2 1 2 2 2 2 1 1 2 2 2 2 1 2 2 2 2 2 1 1 1 2 1 2 2 2 2 2 2 2 2 2 1 2 2 2 2 1 2 0 1 1 2 2 2 2 0 2 1 2 2 1 2 2 1 2 2 2 1 2 2 2 2 2 2 2 2 1 1 2 2 1 1 1 2 2 1 2 2 1 0 
176 1760000 0 0 1 0  2 2 1 2 1 2 2 1 2 2 2 2 1 2 1 2 2 2 1 1 2 1 1 2 1 2 2 2 1 2 2 2 1 2 2 1 2 2 2 1 2 2 1 2 2 1 2 1 2 1 0 1 1 1 2 2 2 2 2 2 1 0 2 1 2 0 2 1 2 1 0 2 2 1 2 1 2 1 2 1 2 2 2 2 1 1 2 2 2 1 2 2 2 1 2 2 2 0 2 0 
177 1770000 0 0 1 0  2 2 2 2 1 2 2 2 2 1 1 2 2 1 2 2 2 0 2 2 1 2 2 1 2 2 2 2 1 2 2 1 1 2 2 2 2 1 2 2 2 2 2 2 2 1 1 1 2 2 2 2 1 2 2 2 2 1 2 2 1 1 2 1 1 2 2 2 1 1 2 2 1 1 2 1 2 2 1 2 2 2 1 2 2 1 1 2 0 2 1 2 2 2 2 2 2 2 2 0 
178 1780000 0 0 1 0  1 1 2 2 2 2 2 2 2 2 1 2 1 1 1 1 1 2 2 2 0 2 2 1 2 2 1 2 2 2 1 1 2 1 2 2 2 2 2 2 1 2 1 2 1 1 2 2 2 2 2 2 1 2 2 1 0 2 2 2 2 1 2 2 1 2 2 1 2 2 1 2 2 2 1 2 1 1 1 2 2 1 1 2 2 2 2 2 1 2 2 1 2 1 2 1 2 2 2 0 
179 1790000 0 0 1 0  2 2 2 1 2 2 2 1 2 2 2 1 2 2 2 2 2 2 2 2 2 1 1 1 2 2 1 0 2 2 1 2 1 2 2 2 2 0 2 1 2 1 2 2 2 2 2 1 2 2 2 1 2 1 0 2 0 2 1 2 2 2 2 2 2 2 1 2 2 1 1 2 2 2 2 2 2 1 1 1 2 2 2 1 1 2 2 1 2 1 2 2 2 2 2 1 2 1 1 0 
180 1800000 0 0 1 0  1 2 2 2 2 2 2 2 1 2 2 2 1 2 1 1 0 1 2 1 2 2 2 2 2 0 2 2 0 2 2 2 2 2 2 1 2 2 1 2 1 2 1 1 2 2 2 1 2 2 1 2 2 0 1 2 2 1 2 1 2 1 2 2 2 2 2 2 2 1 0 2 2 2 1 2 2 2 2 2 1 1 2 1 1 2 1 2 1 2 2 1 2 2 2 2 2 1 2 0 
181 1810000 0 0 1 1  1 1 2 1 0 2 1 2 2 2 2 2 2 2 2 2 2 1 2 1 1 2 1 2 1 2 2 1 1 2 2 2 2 0 2 2 2 1 2 2 1 2 1 2 2 1 2 2 2 1 2 2 2 2 1 2 2 1 1 0 1 2 2 2 1 2 1 1 2 2 2 2 1 2 2 2 2 2 2 2 1 2 2 2 2 2 1 2 2 2 2 2 2 2 1 1 2 2 2 0 
182 1820000 0 0 1 1  2 2 1 1 2 1 2 1 2 2 1 2 2 2 1 1 2 2 2 2 2 2 2 2 2 0 2 2 2 1 1 1 1 2 2 1 2 2 2 1 2 2 2 2 2 2 2 2 1 2 2 2 1 2 2 1 2 1 2 1 2 2 2 1 2 2 1 2 2 2 2 1 2 1 2 2 2 2 1 2 0 1 2 2 2 2 1 1 2 2 2 1 1 0 1 1 1 2 2 0 
183 1830000 0 0 1 1  2 2 1 2 2 2 1 1 1 2 2 2 2 2 2 2 1 2 1 2 2 1 2 1 2 1 1 2 2 2 2 2 2 2 0 1 2 2 2 2 2 2 2 2 2 2 1 2 2 2 1 1 2 1 2 2 2 1 2 2 2 2 1 1 2 2 1 2 2 1 1 2 2 2 2 2 2 1 2 2 2 1 2 1 0 2 2 1 2 2 2 2 1 1 1 1 1 2 2 0 
184 1840000 0 0 1 0  2 2 2 2 2 1 2 2 1 1 2 2 2 1 1 2 1 2 2 2 2 2 2 2 2 2 2 2 2 1 1 2 1 1 2 2 2 0 2 1 1 1 1 1 2 2 1 2 2 1 1 1 2 2 2 2 2 2 2 2 2 2 2 1 1 2 1 2 2 1 2 2 2 1 1 1 2 2 1 2 2 2 2 2 2 1 2 2 2 0 2 1 2 2 1 1 2 2 2 0 
185 1850000 0 0 1 0  2 1 1 1 2 1 2 2 2 2 2 1 1 1 2 0 2 2 2 2 1 1 2 2 2 2 1 2 2 2 2 1 2 2 1 1 2 2 2 2 1 2 2 2 0 2 2 2 1 2 1 0 2 1 1 1 2 2 2 2 2 2 2 2 1 0 1 2 2 2 2 2 1 2 2 2 2 1 2 2 2 2 2 1 2 2 1 2 0 2 2 1 2 2 2 1 1 1 2 0 
186 1860000 0 0 1 1  2 2 1 2 2 1 1 2 1 2 2 1 2 2 1 2 2 1 2 2 2 0 1 1 1 1 2 1 1 2 2 2 1 2 0 2 1 1 1 2 2 2 2 2 2 2 2 2 1 1 2 2 2 2 2 2 2 2 1 2 1 2 2 1 2 2 2 2 2 2 2 2 1 2 2 2 2 2 1 1 2 2 1 1 1 2 2 1 2 2 1 1 1 2 2 2 2 2 2 0 
187 1870000 0 0 1 0  1 2 1 1 2 2 1 1 2 1 2 1 2 2 2 2 2 2 2 2 2 1 2 2 1 2 2 1 2 2 1 2 2 0 2 1 2 0 2 2 2 2 2 2 1 2 2 2 2 2 2 2 2 2 1 2 1 2 2 1 0 2 2 1 2 1 1 2 2 1 0 0 1 2 2 1 2 2 2 2 2 2 2 1 1 1 2 2 2 2 2 2 2 1 2 2 2 2 1 0 
188 1880000 0 0 1 0  2 2 2 1 2 2 2 2 1 1 1 2 1 2 1 2 2 1 1 2 1 2 2 2 2 1 2 1 2 1 1 2 2 1 1 2 2 2 2 1 2 2 2 2 2 2 2 1 2 1 2 2 1 2 1 2 2 2 2 2 2 1 2 1 1 2 1 0 2 2 1 2 1 1 2 1 2 1 1 1 1 1 2 1 0 2 2 2 2 1 2 1 2 1 2 2 1 2 1 0 
189 1890000 0 0 1 0  1 2 1 2 2 1 1 0 2 2 0 2 2 2 2 2 1 2 2 2 2 2 1 1 1 2 2 2 1 1 1 1 2 2 2 1 1 2 1 2 2 2 1 2 1 2 1 2 2 2 2 2 2 1 1 2 2 1 1 2 2 2 2 2 2 2 1 1 2 1 2 2 1 2 2 2 2 2 2 2 1 2 2 2 1 2 2 2 2 2 1 2 2 0 2 1 1 2 2 0 
190 1900000 0 0 1 0  1 2 1 2 1 2 1 2 1 2 2 2 2 0 2 1 2 2 2 2 1 2 2 1 1 1 1 2 2 1 2 1 1 0 2 2 2 2 1 1 2 2 2 2 1 2 2 1 2 2 2 2 2 1 2 1 1 2 2 2 2 2 2 2 2 1 2 1 2 2 2 1 2 2 0 2 1 0 2 1 2 2 2 2 2 2 1 2 2 1 2 0 1 2 2 2 2 2 1 0 
191 1910000 0 0 1 0  2 2 2 2 1 2 2 2 2 2 1 2 2 2 2 1 1 2 0 2 2 2 2 2 0 1 1 2 2 1 2 2 1 1 2 1 1 1 2 2 1 1 2 2 2 2 2 2 2 2 2 2 2 1 1 2 2 1 2 2 2 0 2 2 2 2 2 2 2 2 1 2 2 2 2 1 1 1 2 2 2 1 2 2 2 2 2 2 2 1 2 1 2 2 1 2 0 1 2 0 
192 1920000 0 0 1 0  2 1 2 2 1 1 1 2 2 2 1 1 2 2 1 2 2 2 1 1 2 2 2 2 2 2 2 1 2 2 1 0 2 2 1 2 0 2 2 2 1 1 2 2 2 2 1 2 1 2 1 1 2 2 2 1 2 1 2 1 1 1 2 2 1 2 0 2 2 2 2 2 2 2 2 2 2 2 2 1 2 2 2 2 2 2 2 1 2 1 2 1 1 2 2 1 2 2 1 0 
193 1930000 0 0 1 1  2 2 2 2 1 2 2 2 1 2 2 2 2 2 2 2 2 1 2 2 1 1 2 2 1 2 1 2 2 2 1 2 1 1 2 2 2 1 1 1 1 1 2 2 2 2 2 2 1 2 2 2 2 0 2 2 2 2 1 2 2 2 2 2 1 2 2 1 2 2 2 2 2 1 2 1 2 2 2 1 2 2 2 2 2 2 2 2 2 2 2 2 2 2 2 2 2 2 1 0 
194 1940000 0 0 1 1  2 2 1 1 2 2 1 2 1 2 2 2 1 2 2 2 2 1 1 1 1 2 2 1 2 2 2 2 1 2 2 2 2 2 2 1 1 1 2 2 2 1 2 2 2 2 2 2 2 2 2 1 1 2 2 2 1 1 1 2 2 1 2 2 2 1 1 1 1 0 2 2 2 1 2 2 2 2 2 0 2 1 2 1 2 2 2 2 2 1 2 2 2 0 1 2 1 2 2 0 
195 1950000 0 0 1 0  2 1 1 1 2 2 2 2 0 2 1 2 2 2 2 2 2 2 1 2 1 2 2 1 1 1 0 1 2 1 2 2 2 2 2 2 1 2 1 2 1 2 2 1 1 2 2 2 2 1 1 2 2 2 1 2 2 1 1 2 1 2 2 2 2 2 1 2 2 2 0 2 2 2 2 1 2 1 2 1 2 1 1 2 1 2 1 2 2 2 2 2 2 2 1 2 2 2 2 0 
196 1960000 0 0 1 0  1 1 2 2 0 2 2 2 2 1 2 2 2 2 2 0 1 2 1 2 2 2 2 1 2 1 1 2 1 1 1 2 2 0 2 2 1 2 2 2 2 2 2 2 2 2 2 2 0 2 2 2 2 2 2 2 2 2 1 1 2 2 2 2 2 2 1 2 2 2 1 2 2 2 2 1 2 2 0 1 2 1 2 2 1 1 1 2 1 1 2 2 2 2 2 2 1 2 2 0 
197 1970000 0 0 1 1  2 1 2 2 1 2 1 2 2 2 0 1 2 2 1 1 2 2 1 2 2 2 2 2 1 2 2 1 2 1 0 1 2 1 1 2 1 2 0 2 2 2 2 2 2 2 2 1 2 2 2 2 2 2 2 0 2 2 2 2 1 2 1 2 1 1 2 2 2 1 2 1 1 2 2 2 1 2 2 2 2 2 1 2 2 2 2 1 0 1 2 1 1 2 2 2 1 2 2 0 
198 1980000 0 0 1 0  2 1 2 2 2 1 1 2 2 2 2 2 2 2 2 2 1 2 2 1 2 2 2 1 1 2 2 2 2 1 2 2 2 2 2 1 1 1 1 2 2 2 2 1 2 2 2 1 2 2 1 2 2 2 2 2 2 1 1 2 2 2 1 2 2 2 0 2 2 2 2 2 2 1 2 1 1 2 2 2 2 2 2 2 2 2 2 2 1 2 1 2 2 2 1 2 2 1 2 0 
199 1990000 0 0 1 1  2 2 2 2 1 2 2 2 2 2 1 2 2 1 1 2 0 2 2 2 1 2 2 2 1 2 2 2 2 2 1 2 1 0 2 2 2 0 2 2 1 1 2 2 2 2 2 1 1 1 1 1 1 0 1 2 1 1 2 1 2 2 1 2 2 2 1 1 1 1 2 2 2 2 2 2 2 1 1 2 1 2 1 2 1 2 2 0 1 2 2 2 1 2 2 1 1 0 2 0 
200 2000000 0 0 1 0  2 2 1 2 1 2 1 1 2 2 1 0 1 2 1 1 2 2 1 1 1 2 2 1 1 1 2 2 2 1 2 2 2 2 2 2 2 2 2 2 1 1 2 2 2 2 2 1 2 1 1 1 2 1 1 2 1 2 2 1 2 2 1 1 1 1 2 2 2 1 2 1 1 2 2 2 2 1 2 2 2 2 1 1 2 2 1 2 2 1 1 2 2 1 1 2 1 1 1 0 
