FID ID phe0 phe1 phe2 
1 100000  0 1.0 0.0 
1 100001  0 1.0 0.0 
1 100002  0 1.0 0.0 
1 100003  0 1.0 0.0 
2 200000  0 0.5 0.5 
2 200001  1 0.0 1.0 
2 200002  0 0.2525234318673396 0.7474765681326604 
2 200003  1 0.24747656813266042 0.7525234318673396 
3 300000  0 1.0 0.0 
3 300001  0 1.0 0.0 
3 300002  0 1.0 0.0 
3 300003  0 1.0 0.0 
4 400000  0 1.0 0.0 
4 400001  0 1.0 0.0 
4 400002  0 1.0 0.0 
4 400003  0 1.0 0.0 
5 500000  0 0.5 0.5 
5 500001  0 0.5 0.5 
5 500002  0 0.4965753424657534 0.5034246575342466 
5 500003  0 0.49333093006488826 0.5066690699351117 
6 600000  0 1.0 0.0 
6 600001  0 0.5 0.5 
6 600002  1 0.7579307858687816 0.24206921413121846 
6 600003  0 0.7579307858687816 0.24206921413121846 
7 700000  1 1.0 0.0 
7 700001  0 1.0 0.0 
7 700002  0 1.0 0.0 
7 700003  0 1.0 0.0 
8 800000  0 1.0 0.0 
8 800001  0 0.0 1.0 
8 800002  0 0.5 0.5 
8 800003  1 0.5 0.5 
9 900000  0 1.0 0.0 
9 900001  1 1.0 0.0 
9 900002  0 1.0 0.0 
9 900003  0 1.0 0.0 
10 1000000  1 1.0 0.0 
10 1000001  1 0.5 0.5 
10 1000002  0 0.7472963229992791 0.252703677000721 
10 1000003  0 0.7527036770007209 0.247296322999279 
11 1100000  0 0.0 1.0 
11 1100001  0 1.0 0.0 
11 1100002  1 0.5 0.5 
11 1100003  0 0.5 0.5 
12 1200000  1 1.0 0.0 
12 1200001  0 0.0 1.0 
12 1200002  1 0.5 0.5 
12 1200003  0 0.5 0.5 
13 1300000  0 1.0 0.0 
13 1300001  0 1.0 0.0 
13 1300002  0 1.0 0.0 
13 1300003  0 1.0 0.0 
14 1400000  0 1.0 0.0 
14 1400001  0 0.5 0.5 
14 1400002  0 0.7494592645998558 0.2505407354001442 
14 1400003  0 0.7505407354001442 0.2494592645998558 
15 1500000  1 0.5 0.5 
15 1500001  0 0.5 0.5 
15 1500002  1 0.5023431867339582 0.49765681326604183 
15 1500003  0 0.504506128334535 0.49549387166546505 
16 1600000  1 0.5 0.5 
16 1600001  0 0.5 0.5 
16 1600002  0 0.5115356885364095 0.4884643114635905 
16 1600003  1 0.4884643114635905 0.5115356885364095 
17 1700000  0 1.0 0.0 
17 1700001  0 1.0 0.0 
17 1700002  0 1.0 0.0 
17 1700003  0 1.0 0.0 
18 1800000  0 0.5 0.5 
18 1800001  0 0.0 1.0 
18 1800002  0 0.255407354001442 0.744592645998558 
18 1800003  0 0.255407354001442 0.744592645998558 
19 1900000  1 1.0 0.0 
19 1900001  0 1.0 0.0 
19 1900002  1 1.0 0.0 
19 1900003  0 1.0 0.0 
20 2000000  0 0.5 0.5 
20 2000001  0 1.0 0.0 
20 2000002  1 0.7472963229992791 0.252703677000721 
20 2000003  1 0.7527036770007209 0.247296322999279 
21 2100000  0 1.0 0.0 
21 2100001  0 1.0 0.0 
21 2100002  0 1.0 0.0 
21 2100003  0 1.0 0.0 
22 2200000  0 1.0 0.0 
22 2200001  0 1.0 0.0 
22 2200002  0 1.0 0.0 
22 2200003  0 1.0 0.0 
23 2300000  0 0.5 0.5 
23 2300001  0 0.5 0.5 
23 2300002  1 0.49369142033165103 0.506308579668349 
23 2300003  1 0.49549387166546505 0.504506128334535 
24 2400000  0 1.0 0.0 
24 2400001  0 0.5 0.5 
24 2400002  0 0.7444124008651767 0.2555875991348234 
24 2400003  0 0.7555875991348233 0.24441240086517663 
25 2500000  0 1.0 0.0 
25 2500001  0 1.0 0.0 
25 2500002  1 1.0 0.0 
25 2500003  0 1.0 0.0 
26 2600000  0 0.5 0.5 
26 2600001  0 1.0 0.0 
26 2600002  0 0.7516222062004326 0.2483777937995674 
26 2600003  0 0.7516222062004326 0.2483777937995674 
27 2700000  0 1.0 0.0 
27 2700001  0 1.0 0.0 
27 2700002  0 1.0 0.0 
27 2700003  1 1.0 0.0 
28 2800000  1 1.0 0.0 
28 2800001  0 0.0 1.0 
28 2800002  1 0.5 0.5 
28 2800003  1 0.5 0.5 
29 2900000  0 0.5 0.5 
29 2900001  0 1.0 0.0 
29 2900002  0 0.7550468637346792 0.24495313626532084 
29 2900003  1 0.7550468637346792 0.24495313626532084 
30 3000000  0 1.0 0.0 
30 3000001  0 1.0 0.0 
30 3000002  0 1.0 0.0 
30 3000003  0 1.0 0.0 
31 3100000  1 0.5 0.5 
31 3100001  0 1.0 0.0 
31 3100002  0 0.7537851478010094 0.2462148521989906 
31 3100003  0 0.7462148521989906 0.25378514780100936 
32 3200000  0 0.5 0.5 
32 3200001  0 1.0 0.0 
32 3200002  0 0.7442321557317952 0.25576784426820476 
32 3200003  0 0.7557678442682048 0.24423215573179524 
33 3300000  0 0.5 0.5 
33 3300001  0 1.0 0.0 
33 3300002  1 0.7444124008651767 0.2555875991348234 
33 3300003  0 0.7555875991348233 0.24441240086517663 
34 3400000  1 1.0 0.0 
34 3400001  0 1.0 0.0 
34 3400002  0 1.0 0.0 
34 3400003  0 1.0 0.0 
35 3500000  0 1.0 0.0 
35 3500001  1 1.0 0.0 
35 3500002  0 1.0 0.0 
35 3500003  0 1.0 0.0 
36 3600000  0 1.0 0.0 
36 3600001  0 1.0 0.0 
36 3600002  0 1.0 0.0 
36 3600003  1 1.0 0.0 
37 3700000  1 0.5 0.5 
37 3700001  0 1.0 0.0 
37 3700002  0 0.7555875991348233 0.24441240086517663 
37 3700003  0 0.7444124008651767 0.2555875991348234 
38 3800000  1 0.5 0.5 
38 3800001  1 1.0 0.0 
38 3800002  0 0.7492790194664743 0.2507209805335256 
38 3800003  1 0.7507209805335257 0.2492790194664744 
39 3900000  1 1.0 0.0 
39 3900001  1 1.0 0.0 
39 3900002  0 1.0 0.0 
39 3900003  0 1.0 0.0 
40 4000000  1 0.5 0.5 
40 4000001  0 1.0 0.0 
40 4000002  0 0.743691420331651 0.25630857966834897 
40 4000003  1 0.756308579668349 0.24369142033165103 
41 4100000  0 1.0 0.0 
41 4100001  0 1.0 0.0 
41 4100002  0 1.0 0.0 
41 4100003  0 1.0 0.0 
42 4200000  0 1.0 0.0 
42 4200001  0 1.0 0.0 
42 4200002  0 1.0 0.0 
42 4200003  0 1.0 0.0 
43 4300000  0 1.0 0.0 
43 4300001  0 0.5 0.5 
43 4300002  0 0.7447728911319395 0.25522710886806055 
43 4300003  1 0.7447728911319395 0.25522710886806055 
44 4400000  0 1.0 0.0 
44 4400001  0 0.5 0.5 
44 4400002  0 0.749098774333093 0.250901225666907 
44 4400003  0 0.749098774333093 0.250901225666907 
45 4500000  0 1.0 0.0 
45 4500001  0 1.0 0.0 
45 4500002  0 1.0 0.0 
45 4500003  0 1.0 0.0 
46 4600000  1 0.0 1.0 
46 4600001  1 1.0 0.0 
46 4600002  0 0.5 0.5 
46 4600003  0 0.5 0.5 
47 4700000  0 1.0 0.0 
47 4700001  0 1.0 0.0 
47 4700002  1 1.0 0.0 
47 4700003  0 1.0 0.0 
48 4800000  0 1.0 0.0 
48 4800001  0 1.0 0.0 
48 4800002  0 1.0 0.0 
48 4800003  0 1.0 0.0 
49 4900000  0 0.5 0.5 
49 4900001  0 0.5 0.5 
49 4900002  0 0.4974765681326604 0.5025234318673396 
49 4900003  1 0.5039653929343908 0.4960346070656092 
50 5000000  1 0.5 0.5 
50 5000001  0 0.5 0.5 
50 5000002  0 0.49369142033165103 0.506308579668349 
50 5000003  1 0.5084715212689257 0.49152847873107425 
51 5100000  0 1.0 0.0 
51 5100001  0 0.5 0.5 
51 5100002  0 0.7519826964671954 0.2480173035328046 
51 5100003  1 0.7480173035328046 0.2519826964671954 
52 5200000  1 1.0 0.0 
52 5200001  0 1.0 0.0 
52 5200002  0 1.0 0.0 
52 5200003  0 1.0 0.0 
53 5300000  1 1.0 0.0 
53 5300001  1 0.5 0.5 
53 5300002  1 0.7555875991348233 0.24441240086517663 
53 5300003  0 0.7555875991348233 0.24441240086517663 
54 5400000  0 1.0 0.0 
54 5400001  0 1.0 0.0 
54 5400002  0 1.0 0.0 
54 5400003  0 1.0 0.0 
55 5500000  0 1.0 0.0 
55 5500001  1 1.0 0.0 
55 5500002  0 1.0 0.0 
55 5500003  0 1.0 0.0 
56 5600000  0 1.0 0.0 
56 5600001  0 1.0 0.0 
56 5600002  0 1.0 0.0 
56 5600003  0 1.0 0.0 
57 5700000  1 0.5 0.5 
57 5700001  0 1.0 0.0 
57 5700002  0 0.7472963229992791 0.252703677000721 
57 5700003  0 0.7527036770007209 0.247296322999279 
58 5800000  1 1.0 0.0 
58 5800001  0 1.0 0.0 
58 5800002  0 1.0 0.0 
58 5800003  0 1.0 0.0 
59 5900000  0 0.0 1.0 
59 5900001  1 1.0 0.0 
59 5900002  0 0.5 0.5 
59 5900003  0 0.5 0.5 
60 6000000  0 0.5 0.5 
60 6000001  0 1.0 0.0 
60 6000002  1 0.7600937274693583 0.23990627253064167 
60 6000003  0 0.7600937274693583 0.23990627253064167 
61 6100000  1 0.5 0.5 
61 6100001  0 0.5 0.5 
61 6100002  1 0.4857606344628695 0.5142393655371305 
61 6100003  0 0.4944124008651766 0.5055875991348233 
62 6200000  1 1.0 0.0 
62 6200001  1 0.5 0.5 
62 6200002  1 0.75 0.25 
62 6200003  0 0.75 0.25 
63 6300000  0 0.5 0.5 
63 6300001  0 1.0 0.0 
63 6300002  0 0.7483777937995674 0.2516222062004326 
63 6300003  0 0.7516222062004326 0.2483777937995674 
64 6400000  0 1.0 0.0 
64 6400001  1 0.5 0.5 
64 6400002  0 0.761715933669791 0.23828406633020907 
64 6400003  0 0.738284066330209 0.2617159336697909 
65 6500000  0 1.0 0.0 
65 6500001  0 1.0 0.0 
65 6500002  0 1.0 0.0 
65 6500003  1 1.0 0.0 
66 6600000  0 1.0 0.0 
66 6600001  0 1.0 0.0 
66 6600002  0 1.0 0.0 
66 6600003  0 1.0 0.0 
67 6700000  0 1.0 0.0 
67 6700001  1 1.0 0.0 
67 6700002  0 1.0 0.0 
67 6700003  0 1.0 0.0 
68 6800000  0 1.0 0.0 
68 6800001  1 1.0 0.0 
68 6800002  0 1.0 0.0 
68 6800003  0 1.0 0.0 
69 6900000  0 0.5 0.5 
69 6900001  0 1.0 0.0 
69 6900002  0 0.7480173035328046 0.2519826964671954 
69 6900003  0 0.7519826964671954 0.2480173035328046 
70 7000000  0 1.0 0.0 
70 7000001  0 0.5 0.5 
70 7000002  0 0.7550468637346792 0.24495313626532084 
70 7000003  0 0.7449531362653208 0.25504686373467916 
71 7100000  0 1.0 0.0 
71 7100001  1 1.0 0.0 
71 7100002  0 1.0 0.0 
71 7100003  0 1.0 0.0 
72 7200000  0 0.5 0.5 
72 7200001  0 1.0 0.0 
72 7200002  0 0.7453136265320837 0.2546863734679164 
72 7200003  0 0.7546863734679163 0.24531362653208363 
73 7300000  1 1.0 0.0 
73 7300001  0 1.0 0.0 
73 7300002  1 1.0 0.0 
73 7300003  0 1.0 0.0 
74 7400000  0 1.0 0.0 
74 7400001  0 1.0 0.0 
74 7400002  0 1.0 0.0 
74 7400003  0 1.0 0.0 
75 7500000  0 0.5 0.5 
75 7500001  0 1.0 0.0 
75 7500002  0 0.7438716654650325 0.2561283345349676 
75 7500003  1 0.7438716654650325 0.2561283345349676 
76 7600000  1 1.0 0.0 
76 7600001  1 1.0 0.0 
76 7600002  0 1.0 0.0 
76 7600003  0 1.0 0.0 
77 7700000  1 1.0 0.0 
77 7700001  0 0.0 1.0 
77 7700002  0 0.5 0.5 
77 7700003  1 0.5 0.5 
78 7800000  1 0.5 0.5 
78 7800001  0 1.0 0.0 
78 7800002  0 0.7413482335976929 0.25865176640230714 
78 7800003  0 0.7586517664023071 0.24134823359769286 
79 7900000  0 0.5 0.5 
79 7900001  0 1.0 0.0 
79 7900002  1 0.7411679884643114 0.2588320115356885 
79 7900003  0 0.7588320115356886 0.24116798846431145 
80 8000000  1 0.5 0.5 
80 8000001  1 0.0 1.0 
80 8000002  1 0.2575702956020188 0.7424297043979813 
80 8000003  0 0.2575702956020188 0.7424297043979813 
81 8100000  0 0.5 0.5 
81 8100001  0 1.0 0.0 
81 8100002  1 0.7487382840663303 0.2512617159336698 
81 8100003  0 0.7512617159336697 0.2487382840663302 
82 8200000  0 1.0 0.0 
82 8200001  1 1.0 0.0 
82 8200002  1 1.0 0.0 
82 8200003  1 1.0 0.0 
83 8300000  0 0.0 1.0 
83 8300001  1 1.0 0.0 
83 8300002  0 0.5 0.5 
83 8300003  0 0.5 0.5 
84 8400000  0 1.0 0.0 
84 8400001  1 0.5 0.5 
84 8400002  0 0.7501802451333814 0.2498197548666186 
84 8400003  1 0.7501802451333814 0.2498197548666186 
85 8500000  1 0.5 0.5 
85 8500001  0 1.0 0.0 
85 8500002  0 0.7539653929343908 0.24603460706560923 
85 8500003  0 0.7539653929343908 0.24603460706560923 
86 8600000  0 1.0 0.0 
86 8600001  0 1.0 0.0 
86 8600002  0 1.0 0.0 
86 8600003  0 1.0 0.0 
87 8700000  1 1.0 0.0 
87 8700001  0 1.0 0.0 
87 8700002  0 1.0 0.0 
87 8700003  0 1.0 0.0 
88 8800000  0 1.0 0.0 
88 8800001  0 0.5 0.5 
88 8800002  0 0.7485580389329488 0.2514419610670512 
88 8800003  0 0.7514419610670512 0.2485580389329488 
89 8900000  0 1.0 0.0 
89 8900001  1 1.0 0.0 
89 8900002  0 1.0 0.0 
89 8900003  1 1.0 0.0 
90 9000000  0 1.0 0.0 
90 9000001  0 1.0 0.0 
90 9000002  0 1.0 0.0 
90 9000003  0 1.0 0.0 
91 9100000  0 1.0 0.0 
91 9100001  1 0.0 1.0 
91 9100002  1 0.5 0.5 
91 9100003  1 0.5 0.5 
92 9200000  0 1.0 0.0 
92 9200001  1 1.0 0.0 
92 9200002  1 1.0 0.0 
92 9200003  0 1.0 0.0 
93 9300000  0 0.5 0.5 
93 9300001  1 0.5 0.5 
93 9300002  1 0.5037851478010094 0.49621485219899064 
93 9300003  0 0.4980173035328046 0.5019826964671954 
94 9400000  0 1.0 0.0 
94 9400001  0 0.5 0.5 
94 9400002  0 0.7449531362653208 0.25504686373467916 
94 9400003  0 0.7550468637346792 0.24495313626532084 
95 9500000  0 1.0 0.0 
95 9500001  0 1.0 0.0 
95 9500002  0 1.0 0.0 
95 9500003  0 1.0 0.0 
96 9600000  1 1.0 0.0 
96 9600001  0 1.0 0.0 
96 9600002  0 1.0 0.0 
96 9600003  0 1.0 0.0 
97 9700000  0 1.0 0.0 
97 9700001  0 0.0 1.0 
97 9700002  0 0.5 0.5 
97 9700003  0 0.5 0.5 
98 9800000  0 0.5 0.5 
98 9800001  1 0.0 1.0 
98 9800002  0 0.25450612833453495 0.745493871665465 
98 9800003  0 0.25450612833453495 0.745493871665465 
99 9900000  0 1.0 0.0 
99 9900001  0 1.0 0.0 
99 9900002  0 1.0 0.0 
99 9900003  0 1.0 0.0 
100 10000000  1 0.5 0.5 
100 10000001  1 0.5 0.5 
100 10000002  0 0.5091925018024513 0.49080749819754865 
100 10000003  0 0.5091925018024513 0.49080749819754865 
101 10100000  0 1.0 0.0 
102 10200000  1 0.7543258832011536 0.24567411679884643 
103 10300000  1 0.7469358327325162 0.25306416726748376 
104 10400000  1 0.745493871665465 0.25450612833453495 
105 10500000  0 0.7516222062004326 0.2483777937995674 
106 10600000  0 1.0 0.0 
107 10700000  1 0.7543258832011536 0.24567411679884643 
108 10800000  1 0.7501802451333814 0.2498197548666186 
109 10900000  0 0.4978370583994232 0.5021629416005768 
110 11000000  0 0.7469358327325162 0.25306416726748376 
111 11100000  0 1.0 0.0 
112 11200000  0 0.7573900504686374 0.24260994953136264 
113 11300000  0 1.0 0.0 
114 11400000  0 1.0 0.0 
115 11500000  0 1.0 0.0 
116 11600000  0 0.49567411679884643 0.5043258832011536 
117 11700000  1 0.7379235760634463 0.2620764239365537 
118 11800000  0 1.0 0.0 
119 11900000  0 1.0 0.0 
120 12000000  0 1.0 0.0 
121 12100000  0 0.7449531362653208 0.25504686373467916 
122 12200000  0 0.49008651766402306 0.5099134823359769 
123 12300000  1 0.5 0.5 
124 12400000  0 1.0 0.0 
125 12500000  0 1.0 0.0 
126 12600000  0 0.5003604902667628 0.4996395097332372 
127 12700000  0 1.0 0.0 
128 12800000  0 1.0 0.0 
129 12900000  0 1.0 0.0 
130 13000000  0 0.49080749819754865 0.5091925018024513 
131 13100000  0 1.0 0.0 
132 13200000  0 1.0 0.0 
133 13300000  1 1.0 0.0 
134 13400000  0 0.7435111751982696 0.25648882480173035 
135 13500000  1 1.0 0.0 
136 13600000  0 1.0 0.0 
137 13700000  0 0.7494592645998558 0.2505407354001442 
138 13800000  0 0.5 0.5 
139 13900000  0 0.744592645998558 0.255407354001442 
140 14000000  0 0.7458543619322279 0.2541456380677722 
141 14100000  0 0.2534246575342466 0.7465753424657534 
142 14200000  0 0.7548666186012978 0.24513338139870222 
143 14300000  0 0.4992790194664744 0.5007209805335257 
144 14400000  0 0.5 0.5 
145 14500000  0 1.0 0.0 
146 14600000  1 0.7462148521989906 0.25378514780100936 
147 14700000  0 0.49152847873107425 0.5084715212689257 
148 14800000  0 1.0 0.0 
149 14900000  1 1.0 0.0 
150 15000000  0 0.7555875991348233 0.24441240086517663 
151 15100000  0 0.2512617159336698 0.7487382840663303 
152 15200000  1 1.0 0.0 
153 15300000  0 0.7577505407354002 0.24224945926459984 
154 15400000  0 0.5 0.5 
155 15500000  1 0.48738284066330206 0.5126171593366979 
156 15600000  1 1.0 0.0 
157 15700000  0 0.753604902667628 0.24639509733237203 
158 15800000  0 0.24783705839942322 0.7521629416005768 
159 15900000  1 0.25450612833453495 0.745493871665465 
160 16000000  0 0.7527036770007209 0.247296322999279 
161 16100000  0 0.7581110310021629 0.24188896899783704 
162 16200000  0 0.7581110310021629 0.24188896899783704 
163 16300000  1 0.24495313626532084 0.7550468637346792 
164 16400000  0 0.7519826964671954 0.2480173035328046 
165 16500000  1 1.0 0.0 
166 16600000  0 0.5 0.5 
167 16700000  0 0.7564888248017304 0.24351117519826965 
168 16800000  0 0.7528839221341024 0.24711607786589762 
169 16900000  0 0.5 0.5 
170 17000000  0 0.7431506849315068 0.2568493150684932 
171 17100000  0 0.5 0.5 
172 17200000  0 0.7521629416005768 0.24783705839942322 
173 17300000  1 0.5095529920692141 0.4904470079307859 
174 17400000  0 0.7546863734679163 0.24531362653208363 
175 17500000  0 1.0 0.0 
176 17600000  0 0.7555875991348233 0.24441240086517663 
177 17700000  0 1.0 0.0 
178 17800000  0 0.5 0.5 
179 17900000  0 0.751802451333814 0.248197548666186 
180 18000000  0 0.7525234318673396 0.24747656813266042 
181 18100000  1 0.5 0.5 
182 18200000  1 0.7485580389329488 0.2514419610670512 
183 18300000  0 1.0 0.0 
184 18400000  0 1.0 0.0 
185 18500000  0 0.7471160778658976 0.2528839221341024 
186 18600000  1 1.0 0.0 
187 18700000  0 0.7453136265320837 0.2546863734679164 
188 18800000  0 1.0 0.0 
189 18900000  0 0.5120764239365537 0.4879235760634463 
190 19000000  0 0.24279019466474405 0.757209805335256 
191 19100000  0 0.7462148521989906 0.25378514780100936 
192 19200000  0 1.0 0.0 
193 19300000  1 0.748197548666186 0.251802451333814 
194 19400000  1 0.7478370583994232 0.2521629416005768 
195 19500000  0 1.0 0.0 
196 19600000  0 1.0 0.0 
197 19700000  1 0.746395097332372 0.253604902667628 
198 19800000  0 1.0 0.0 
199 19900000  1 1.0 0.0 
200 20000000  0 1.0 0.0 
