FID ID phe0 phe1 
1 10000  0 1.0 
1 10001  1 1.0 
1 10002  0 1.0 
1 10003  1 1.0 
2 20000  0 1.0 
2 20001  0 1.0 
2 20002  1 1.0 
2 20003  0 1.0 
3 30000  0 1.0 
3 30001  0 1.0 
3 30002  0 1.0 
3 30003  1 1.0 
4 40000  1 1.0 
4 40001  0 1.0 
4 40002  1 1.0 
4 40003  0 1.0 
5 50000  1 1.0 
5 50001  0 1.0 
5 50002  1 1.0 
5 50003  0 1.0 
6 60000  0 1.0 
6 60001  0 1.0 
6 60002  1 1.0 
6 60003  0 1.0 
7 70000  0 1.0 
7 70001  0 1.0 
7 70002  0 1.0 
7 70003  1 1.0 
8 80000  0 1.0 
8 80001  0 1.0 
8 80002  0 1.0 
8 80003  1 1.0 
9 90000  0 1.0 
9 90001  0 1.0 
9 90002  1 1.0 
9 90003  0 1.0 
10 100000  0 1.0 
10 100001  0 1.0 
10 100002  0 1.0 
10 100003  1 1.0 
11 110000  0 1.0 
11 110001  1 1.0 
11 110002  0 1.0 
11 110003  1 1.0 
12 120000  1 1.0 
12 120001  0 1.0 
12 120002  0 1.0 
12 120003  1 1.0 
13 130000  0 1.0 
13 130001  0 1.0 
13 130002  0 1.0 
13 130003  1 1.0 
14 140000  0 1.0 
14 140001  0 1.0 
14 140002  1 1.0 
14 140003  0 1.0 
15 150000  1 1.0 
15 150001  0 1.0 
15 150002  0 1.0 
15 150003  1 1.0 
16 160000  0 1.0 
16 160001  0 1.0 
16 160002  0 1.0 
16 160003  1 1.0 
17 170000  1 1.0 
17 170001  1 1.0 
17 170002  1 1.0 
17 170003  0 1.0 
18 180000  0 1.0 
18 180001  0 1.0 
18 180002  1 1.0 
18 180003  0 1.0 
19 190000  1 1.0 
19 190001  0 1.0 
19 190002  1 1.0 
19 190003  0 1.0 
20 200000  0 1.0 
20 200001  0 1.0 
20 200002  0 1.0 
20 200003  1 1.0 
21 210000  1 1.0 
21 210001  0 1.0 
21 210002  1 1.0 
21 210003  0 1.0 
22 220000  0 1.0 
22 220001  0 1.0 
22 220002  0 1.0 
22 220003  1 1.0 
23 230000  1 1.0 
23 230001  0 1.0 
23 230002  0 1.0 
23 230003  1 1.0 
24 240000  0 1.0 
24 240001  0 1.0 
24 240002  1 1.0 
24 240003  0 1.0 
25 250000  1 1.0 
25 250001  0 1.0 
25 250002  1 1.0 
25 250003  0 1.0 
26 260000  0 1.0 
26 260001  0 1.0 
26 260002  1 1.0 
26 260003  0 1.0 
27 270000  0 1.0 
27 270001  1 1.0 
27 270002  0 1.0 
27 270003  1 1.0 
28 280000  0 1.0 
28 280001  1 1.0 
28 280002  0 1.0 
28 280003  1 1.0 
29 290000  0 1.0 
29 290001  0 1.0 
29 290002  1 1.0 
29 290003  0 1.0 
30 300000  0 1.0 
30 300001  1 1.0 
30 300002  1 1.0 
30 300003  0 1.0 
31 310000  0 1.0 
31 310001  0 1.0 
31 310002  1 1.0 
31 310003  0 1.0 
32 320000  1 1.0 
32 320001  0 1.0 
32 320002  0 1.0 
32 320003  1 1.0 
33 330000  1 1.0 
33 330001  0 1.0 
33 330002  0 1.0 
33 330003  1 1.0 
34 340000  0 1.0 
34 340001  0 1.0 
34 340002  1 1.0 
34 340003  0 1.0 
35 350000  0 1.0 
35 350001  0 1.0 
35 350002  0 1.0 
35 350003  1 1.0 
36 360000  0 1.0 
36 360001  0 1.0 
36 360002  1 1.0 
36 360003  0 1.0 
37 370000  0 1.0 
37 370001  0 1.0 
37 370002  0 1.0 
37 370003  1 1.0 
38 380000  0 1.0 
38 380001  0 1.0 
38 380002  0 1.0 
38 380003  1 1.0 
39 390000  0 1.0 
39 390001  0 1.0 
39 390002  1 1.0 
39 390003  0 1.0 
40 400000  0 1.0 
40 400001  0 1.0 
40 400002  1 1.0 
40 400003  0 1.0 
41 410000  0 1.0 
41 410001  0 1.0 
41 410002  0 1.0 
41 410003  1 1.0 
42 420000  1 1.0 
42 420001  0 1.0 
42 420002  1 1.0 
42 420003  0 1.0 
43 430000  0 1.0 
43 430001  0 1.0 
43 430002  0 1.0 
43 430003  1 1.0 
44 440000  0 1.0 
44 440001  0 1.0 
44 440002  1 1.0 
44 440003  0 1.0 
45 450000  0 1.0 
45 450001  0 1.0 
45 450002  1 1.0 
45 450003  0 1.0 
46 460000  1 1.0 
46 460001  0 1.0 
46 460002  1 1.0 
46 460003  0 1.0 
47 470000  0 1.0 
47 470001  0 1.0 
47 470002  1 1.0 
47 470003  0 1.0 
48 480000  0 1.0 
48 480001  0 1.0 
48 480002  0 1.0 
48 480003  1 1.0 
49 490000  0 1.0 
49 490001  0 1.0 
49 490002  1 1.0 
49 490003  0 1.0 
50 500000  0 1.0 
50 500001  0 1.0 
50 500002  1 1.0 
50 500003  0 1.0 
51 510000  1 1.0 
51 510001  1 1.0 
51 510002  0 1.0 
51 510003  1 1.0 
52 520000  0 1.0 
52 520001  1 1.0 
52 520002  1 1.0 
52 520003  0 1.0 
53 530000  1 1.0 
53 530001  0 1.0 
53 530002  1 1.0 
53 530003  0 1.0 
54 540000  1 1.0 
54 540001  0 1.0 
54 540002  0 1.0 
54 540003  1 1.0 
55 550000  1 1.0 
55 550001  0 1.0 
55 550002  0 1.0 
55 550003  1 1.0 
56 560000  0 1.0 
56 560001  0 1.0 
56 560002  1 1.0 
56 560003  0 1.0 
57 570000  1 1.0 
57 570001  0 1.0 
57 570002  0 1.0 
57 570003  1 1.0 
58 580000  0 1.0 
58 580001  0 1.0 
58 580002  1 1.0 
58 580003  0 1.0 
59 590000  0 1.0 
59 590001  1 1.0 
59 590002  0 1.0 
59 590003  1 1.0 
60 600000  0 1.0 
60 600001  0 1.0 
60 600002  1 1.0 
60 600003  0 1.0 
61 610000  0 1.0 
61 610001  0 1.0 
61 610002  0 1.0 
61 610003  1 1.0 
62 620000  1 1.0 
62 620001  0 1.0 
62 620002  0 1.0 
62 620003  1 1.0 
63 630000  0 1.0 
63 630001  0 1.0 
63 630002  1 1.0 
63 630003  0 1.0 
64 640000  0 1.0 
64 640001  1 1.0 
64 640002  1 1.0 
64 640003  0 1.0 
65 650000  0 1.0 
65 650001  0 1.0 
65 650002  1 1.0 
65 650003  0 1.0 
66 660000  0 1.0 
66 660001  0 1.0 
66 660002  0 1.0 
66 660003  1 1.0 
67 670000  0 1.0 
67 670001  0 1.0 
67 670002  1 1.0 
67 670003  0 1.0 
68 680000  0 1.0 
68 680001  0 1.0 
68 680002  0 1.0 
68 680003  1 1.0 
69 690000  0 1.0 
69 690001  0 1.0 
69 690002  0 1.0 
69 690003  1 1.0 
70 700000  0 1.0 
70 700001  1 1.0 
70 700002  0 1.0 
70 700003  1 1.0 
71 710000  0 1.0 
71 710001  0 1.0 
71 710002  1 1.0 
71 710003  0 1.0 
72 720000  0 1.0 
72 720001  0 1.0 
72 720002  1 1.0 
72 720003  0 1.0 
73 730000  0 1.0 
73 730001  0 1.0 
73 730002  1 1.0 
73 730003  0 1.0 
74 740000  0 1.0 
74 740001  0 1.0 
74 740002  0 1.0 
74 740003  1 1.0 
75 750000  1 1.0 
75 750001  0 1.0 
75 750002  0 1.0 
75 750003  1 1.0 
76 760000  0 1.0 
76 760001  0 1.0 
76 760002  1 1.0 
76 760003  0 1.0 
77 770000  0 1.0 
77 770001  0 1.0 
77 770002  1 1.0 
77 770003  0 1.0 
78 780000  0 1.0 
78 780001  0 1.0 
78 780002  0 1.0 
78 780003  1 1.0 
79 790000  0 1.0 
79 790001  0 1.0 
79 790002  1 1.0 
79 790003  0 1.0 
80 800000  0 1.0 
80 800001  1 1.0 
80 800002  0 1.0 
80 800003  1 1.0 
81 810000  0 1.0 
81 810001  0 1.0 
81 810002  0 1.0 
81 810003  1 1.0 
82 820000  1 1.0 
82 820001  0 1.0 
82 820002  1 1.0 
82 820003  0 1.0 
83 830000  1 1.0 
83 830001  0 1.0 
83 830002  0 1.0 
83 830003  1 1.0 
84 840000  0 1.0 
84 840001  0 1.0 
84 840002  0 1.0 
84 840003  1 1.0 
85 850000  0 1.0 
85 850001  0 1.0 
85 850002  1 1.0 
85 850003  0 1.0 
86 860000  0 1.0 
86 860001  0 1.0 
86 860002  0 1.0 
86 860003  1 1.0 
87 870000  0 1.0 
87 870001  0 1.0 
87 870002  0 1.0 
87 870003  1 1.0 
88 880000  0 1.0 
88 880001  1 1.0 
88 880002  0 1.0 
88 880003  1 1.0 
89 890000  0 1.0 
89 890001  0 1.0 
89 890002  0 1.0 
89 890003  1 1.0 
90 900000  0 1.0 
90 900001  0 1.0 
90 900002  0 1.0 
90 900003  1 1.0 
91 910000  0 1.0 
91 910001  1 1.0 
91 910002  0 1.0 
91 910003  1 1.0 
92 920000  1 1.0 
92 920001  0 1.0 
92 920002  0 1.0 
92 920003  1 1.0 
93 930000  1 1.0 
93 930001  0 1.0 
93 930002  1 1.0 
93 930003  0 1.0 
94 940000  0 1.0 
94 940001  0 1.0 
94 940002  1 1.0 
94 940003  0 1.0 
95 950000  1 1.0 
95 950001  0 1.0 
95 950002  1 1.0 
95 950003  0 1.0 
96 960000  0 1.0 
96 960001  1 1.0 
96 960002  1 1.0 
96 960003  0 1.0 
97 970000  0 1.0 
97 970001  0 1.0 
97 970002  1 1.0 
97 970003  0 1.0 
98 980000  0 1.0 
98 980001  0 1.0 
98 980002  1 1.0 
98 980003  0 1.0 
99 990000  0 1.0 
99 990001  0 1.0 
99 990002  0 1.0 
99 990003  1 1.0 
100 1000000  0 1.0 
100 1000001  0 1.0 
100 1000002  1 1.0 
100 1000003  0 1.0 
101 1010003  1 1.0 
102 1020003  0 1.0 
103 1030003  1 1.0 
104 1040003  0 1.0 
105 1050003  0 1.0 
106 1060003  0 1.0 
107 1070003  0 1.0 
108 1080003  1 1.0 
109 1090003  1 1.0 
110 1100003  0 1.0 
111 1110003  0 1.0 
112 1120003  1 1.0 
113 1130003  0 1.0 
114 1140003  0 1.0 
115 1150003  0 1.0 
116 1160003  0 1.0 
117 1170003  0 1.0 
118 1180003  0 1.0 
119 1190003  0 1.0 
120 1200003  0 1.0 
121 1210003  0 1.0 
122 1220003  0 1.0 
123 1230003  0 1.0 
124 1240003  0 1.0 
125 1250003  1 1.0 
126 1260003  0 1.0 
127 1270003  0 1.0 
128 1280003  0 1.0 
129 1290003  0 1.0 
130 1300003  1 1.0 
131 1310003  1 1.0 
132 1320003  1 1.0 
133 1330003  0 1.0 
134 1340003  0 1.0 
135 1350003  0 1.0 
136 1360003  0 1.0 
137 1370003  1 1.0 
138 1380003  0 1.0 
139 1390003  0 1.0 
140 1400003  0 1.0 
141 1410003  0 1.0 
142 1420003  0 1.0 
143 1430003  0 1.0 
144 1440003  0 1.0 
145 1450003  0 1.0 
146 1460003  0 1.0 
147 1470003  0 1.0 
148 1480003  0 1.0 
149 1490003  0 1.0 
150 1500003  0 1.0 
151 1510003  0 1.0 
152 1520003  0 1.0 
153 1530003  1 1.0 
154 1540003  0 1.0 
155 1550003  0 1.0 
156 1560003  0 1.0 
157 1570003  1 1.0 
158 1580003  0 1.0 
159 1590003  0 1.0 
160 1600003  0 1.0 
161 1610003  0 1.0 
162 1620003  0 1.0 
163 1630003  1 1.0 
164 1640003  1 1.0 
165 1650003  1 1.0 
166 1660003  1 1.0 
167 1670003  1 1.0 
168 1680003  1 1.0 
169 1690003  1 1.0 
170 1700003  1 1.0 
171 1710003  1 1.0 
172 1720003  1 1.0 
173 1730003  1 1.0 
174 1740003  1 1.0 
175 1750003  1 1.0 
176 1760003  1 1.0 
177 1770003  1 1.0 
178 1780003  1 1.0 
179 1790003  1 1.0 
180 1800003  1 1.0 
181 1810003  1 1.0 
182 1820003  1 1.0 
183 1830003  1 1.0 
184 1840003  1 1.0 
185 1850003  1 1.0 
186 1860003  1 1.0 
187 1870003  1 1.0 
188 1880003  1 1.0 
189 1890003  1 1.0 
190 1900003  1 1.0 
191 1910003  1 1.0 
192 1920003  1 1.0 
193 1930003  1 1.0 
194 1940003  1 1.0 
195 1950003  1 1.0 
196 1960003  1 1.0 
197 1970003  1 1.0 
198 1980003  1 1.0 
199 1990003  1 1.0 
200 2000003  1 1.0 
201 2010000  0 1.0 
201 2010001  1 1.0 
201 2010002  0 1.0 
201 2010003  1 1.0 
202 2020000  0 1.0 
202 2020001  1 1.0 
202 2020002  0 1.0 
202 2020003  1 1.0 
203 2030000  1 1.0 
203 2030001  1 1.0 
203 2030002  1 1.0 
203 2030003  0 1.0 
204 2040000  1 1.0 
204 2040001  1 1.0 
204 2040002  1 1.0 
204 2040003  0 1.0 
205 2050000  0 1.0 
205 2050001  1 1.0 
205 2050002  0 1.0 
205 2050003  1 1.0 
206 2060000  0 1.0 
206 2060001  1 1.0 
206 2060002  1 1.0 
206 2060003  0 1.0 
207 2070000  0 1.0 
207 2070001  0 1.0 
207 2070002  1 1.0 
207 2070003  0 1.0 
208 2080000  1 1.0 
208 2080001  1 1.0 
208 2080002  1 1.0 
208 2080003  0 1.0 
209 2090000  1 1.0 
209 2090001  0 1.0 
209 2090002  0 1.0 
209 2090003  1 1.0 
210 2100000  1 1.0 
210 2100001  0 1.0 
210 2100002  1 1.0 
210 2100003  0 1.0 
211 2110000  1 1.0 
211 2110001  1 1.0 
211 2110002  1 1.0 
211 2110003  0 1.0 
212 2120000  0 1.0 
212 2120001  0 1.0 
212 2120002  1 1.0 
212 2120003  0 1.0 
213 2130000  1 1.0 
213 2130001  0 1.0 
213 2130002  0 1.0 
213 2130003  1 1.0 
214 2140000  0 1.0 
214 2140001  1 1.0 
214 2140002  1 1.0 
214 2140003  0 1.0 
215 2150000  0 1.0 
215 2150001  1 1.0 
215 2150002  1 1.0 
215 2150003  0 1.0 
216 2160000  0 1.0 
216 2160001  0 1.0 
216 2160002  0 1.0 
216 2160003  1 1.0 
217 2170000  1 1.0 
217 2170001  0 1.0 
217 2170002  1 1.0 
217 2170003  0 1.0 
218 2180000  0 1.0 
218 2180001  0 1.0 
218 2180002  1 1.0 
218 2180003  0 1.0 
219 2190000  0 1.0 
219 2190001  0 1.0 
219 2190002  1 1.0 
219 2190003  0 1.0 
220 2200000  1 1.0 
220 2200001  1 1.0 
220 2200002  1 1.0 
220 2200003  0 1.0 
221 2210000  0 1.0 
221 2210001  0 1.0 
221 2210002  1 1.0 
221 2210003  0 1.0 
222 2220000  1 1.0 
222 2220001  1 1.0 
222 2220002  0 1.0 
222 2220003  1 1.0 
223 2230000  1 1.0 
223 2230001  1 1.0 
223 2230002  1 1.0 
223 2230003  0 1.0 
224 2240000  0 1.0 
224 2240001  1 1.0 
224 2240002  1 1.0 
224 2240003  0 1.0 
225 2250000  1 1.0 
225 2250001  0 1.0 
225 2250002  0 1.0 
225 2250003  1 1.0 
226 2260000  1 1.0 
226 2260001  1 1.0 
226 2260002  1 1.0 
226 2260003  0 1.0 
227 2270000  1 1.0 
227 2270001  0 1.0 
227 2270002  0 1.0 
227 2270003  1 1.0 
228 2280000  0 1.0 
228 2280001  1 1.0 
228 2280002  1 1.0 
228 2280003  0 1.0 
229 2290000  1 1.0 
229 2290001  1 1.0 
229 2290002  1 1.0 
229 2290003  0 1.0 
230 2300000  1 1.0 
230 2300001  1 1.0 
230 2300002  0 1.0 
230 2300003  1 1.0 
231 2310000  1 1.0 
231 2310001  1 1.0 
231 2310002  1 1.0 
231 2310003  0 1.0 
232 2320000  0 1.0 
232 2320001  0 1.0 
232 2320002  1 1.0 
232 2320003  0 1.0 
233 2330000  1 1.0 
233 2330001  0 1.0 
233 2330002  0 1.0 
233 2330003  1 1.0 
234 2340000  0 1.0 
234 2340001  0 1.0 
234 2340002  0 1.0 
234 2340003  1 1.0 
235 2350000  1 1.0 
235 2350001  0 1.0 
235 2350002  0 1.0 
235 2350003  1 1.0 
236 2360000  1 1.0 
236 2360001  1 1.0 
236 2360002  0 1.0 
236 2360003  1 1.0 
237 2370000  0 1.0 
237 2370001  1 1.0 
237 2370002  0 1.0 
237 2370003  1 1.0 
238 2380000  0 1.0 
238 2380001  1 1.0 
238 2380002  1 1.0 
238 2380003  0 1.0 
239 2390000  1 1.0 
239 2390001  0 1.0 
239 2390002  0 1.0 
239 2390003  1 1.0 
240 2400000  0 1.0 
240 2400001  1 1.0 
240 2400002  1 1.0 
240 2400003  0 1.0 
241 2410000  0 1.0 
241 2410001  1 1.0 
241 2410002  1 1.0 
241 2410003  0 1.0 
242 2420000  0 1.0 
242 2420001  1 1.0 
242 2420002  0 1.0 
242 2420003  1 1.0 
243 2430000  0 1.0 
243 2430001  0 1.0 
243 2430002  0 1.0 
243 2430003  1 1.0 
244 2440000  1 1.0 
244 2440001  1 1.0 
244 2440002  0 1.0 
244 2440003  1 1.0 
245 2450000  0 1.0 
245 2450001  0 1.0 
245 2450002  1 1.0 
245 2450003  0 1.0 
246 2460000  1 1.0 
246 2460001  0 1.0 
246 2460002  0 1.0 
246 2460003  1 1.0 
247 2470000  1 1.0 
247 2470001  0 1.0 
247 2470002  0 1.0 
247 2470003  1 1.0 
248 2480000  0 1.0 
248 2480001  1 1.0 
248 2480002  0 1.0 
248 2480003  1 1.0 
249 2490000  0 1.0 
249 2490001  0 1.0 
249 2490002  1 1.0 
249 2490003  0 1.0 
250 2500000  0 1.0 
250 2500001  0 1.0 
250 2500002  1 1.0 
250 2500003  0 1.0 
251 2510000  0 1.0 
251 2510001  0 1.0 
251 2510002  1 1.0 
251 2510003  0 1.0 
252 2520000  1 1.0 
252 2520001  0 1.0 
252 2520002  0 1.0 
252 2520003  1 1.0 
253 2530000  0 1.0 
253 2530001  0 1.0 
253 2530002  0 1.0 
253 2530003  1 1.0 
254 2540000  0 1.0 
254 2540001  1 1.0 
254 2540002  0 1.0 
254 2540003  1 1.0 
255 2550000  1 1.0 
255 2550001  1 1.0 
255 2550002  1 1.0 
255 2550003  0 1.0 
256 2560000  0 1.0 
256 2560001  1 1.0 
256 2560002  0 1.0 
256 2560003  1 1.0 
257 2570000  1 1.0 
257 2570001  1 1.0 
257 2570002  0 1.0 
257 2570003  1 1.0 
258 2580000  0 1.0 
258 2580001  0 1.0 
258 2580002  1 1.0 
258 2580003  0 1.0 
259 2590000  1 1.0 
259 2590001  0 1.0 
259 2590002  1 1.0 
259 2590003  0 1.0 
260 2600000  0 1.0 
260 2600001  0 1.0 
260 2600002  1 1.0 
260 2600003  0 1.0 
261 2610000  1 1.0 
261 2610001  0 1.0 
261 2610002  0 1.0 
261 2610003  1 1.0 
262 2620000  0 1.0 
262 2620001  0 1.0 
262 2620002  1 1.0 
262 2620003  0 1.0 
263 2630000  1 1.0 
263 2630001  1 1.0 
263 2630002  1 1.0 
263 2630003  0 1.0 
264 2640000  1 1.0 
264 2640001  1 1.0 
264 2640002  1 1.0 
264 2640003  0 1.0 
265 2650000  1 1.0 
265 2650001  1 1.0 
265 2650002  1 1.0 
265 2650003  0 1.0 
266 2660000  1 1.0 
266 2660001  1 1.0 
266 2660002  0 1.0 
266 2660003  1 1.0 
267 2670000  0 1.0 
267 2670001  0 1.0 
267 2670002  1 1.0 
267 2670003  0 1.0 
268 2680000  1 1.0 
268 2680001  1 1.0 
268 2680002  1 1.0 
268 2680003  0 1.0 
269 2690000  1 1.0 
269 2690001  1 1.0 
269 2690002  0 1.0 
269 2690003  1 1.0 
270 2700000  0 1.0 
270 2700001  0 1.0 
270 2700002  1 1.0 
270 2700003  0 1.0 
271 2710000  0 1.0 
271 2710001  0 1.0 
271 2710002  1 1.0 
271 2710003  0 1.0 
272 2720000  1 1.0 
272 2720001  1 1.0 
272 2720002  0 1.0 
272 2720003  1 1.0 
273 2730000  0 1.0 
273 2730001  0 1.0 
273 2730002  0 1.0 
273 2730003  1 1.0 
274 2740000  1 1.0 
274 2740001  0 1.0 
274 2740002  1 1.0 
274 2740003  0 1.0 
275 2750000  0 1.0 
275 2750001  0 1.0 
275 2750002  1 1.0 
275 2750003  0 1.0 
276 2760000  1 1.0 
276 2760001  1 1.0 
276 2760002  1 1.0 
276 2760003  0 1.0 
277 2770000  1 1.0 
277 2770001  1 1.0 
277 2770002  0 1.0 
277 2770003  1 1.0 
278 2780000  0 1.0 
278 2780001  0 1.0 
278 2780002  0 1.0 
278 2780003  1 1.0 
279 2790000  0 1.0 
279 2790001  1 1.0 
279 2790002  0 1.0 
279 2790003  1 1.0 
280 2800000  1 1.0 
280 2800001  1 1.0 
280 2800002  1 1.0 
280 2800003  0 1.0 
281 2810000  1 1.0 
281 2810001  1 1.0 
281 2810002  1 1.0 
281 2810003  0 1.0 
282 2820000  0 1.0 
282 2820001  1 1.0 
282 2820002  0 1.0 
282 2820003  1 1.0 
283 2830000  0 1.0 
283 2830001  1 1.0 
283 2830002  0 1.0 
283 2830003  1 1.0 
284 2840000  1 1.0 
284 2840001  1 1.0 
284 2840002  0 1.0 
284 2840003  1 1.0 
285 2850000  0 1.0 
285 2850001  0 1.0 
285 2850002  1 1.0 
285 2850003  0 1.0 
286 2860000  1 1.0 
286 2860001  1 1.0 
286 2860002  1 1.0 
286 2860003  0 1.0 
287 2870000  0 1.0 
287 2870001  0 1.0 
287 2870002  1 1.0 
287 2870003  0 1.0 
288 2880000  0 1.0 
288 2880001  1 1.0 
288 2880002  0 1.0 
288 2880003  1 1.0 
289 2890000  1 1.0 
289 2890001  1 1.0 
289 2890002  0 1.0 
289 2890003  1 1.0 
290 2900000  1 1.0 
290 2900001  1 1.0 
290 2900002  1 1.0 
290 2900003  0 1.0 
291 2910000  0 1.0 
291 2910001  1 1.0 
291 2910002  1 1.0 
291 2910003  0 1.0 
292 2920000  1 1.0 
292 2920001  0 1.0 
292 2920002  0 1.0 
292 2920003  1 1.0 
293 2930000  1 1.0 
293 2930001  0 1.0 
293 2930002  0 1.0 
293 2930003  1 1.0 
294 2940000  1 1.0 
294 2940001  0 1.0 
294 2940002  1 1.0 
294 2940003  0 1.0 
295 2950000  1 1.0 
295 2950001  1 1.0 
295 2950002  0 1.0 
295 2950003  1 1.0 
296 2960000  1 1.0 
296 2960001  1 1.0 
296 2960002  0 1.0 
296 2960003  1 1.0 
297 2970000  0 1.0 
297 2970001  0 1.0 
297 2970002  1 1.0 
297 2970003  0 1.0 
298 2980000  1 1.0 
298 2980001  1 1.0 
298 2980002  1 1.0 
298 2980003  0 1.0 
299 2990000  0 1.0 
299 2990001  1 1.0 
299 2990002  1 1.0 
299 2990003  0 1.0 
300 3000000  0 1.0 
300 3000001  1 1.0 
300 3000002  0 1.0 
300 3000003  1 1.0 
301 3010003  1 1.0 
302 3020003  1 1.0 
303 3030003  1 1.0 
304 3040003  0 1.0 
305 3050003  0 1.0 
306 3060003  1 1.0 
307 3070003  0 1.0 
308 3080003  0 1.0 
309 3090003  0 1.0 
310 3100003  1 1.0 
311 3110003  0 1.0 
312 3120003  1 1.0 
313 3130003  1 1.0 
314 3140003  0 1.0 
315 3150003  1 1.0 
316 3160003  0 1.0 
317 3170003  0 1.0 
318 3180003  1 1.0 
319 3190003  0 1.0 
320 3200003  1 1.0 
321 3210003  1 1.0 
322 3220003  0 1.0 
323 3230003  0 1.0 
324 3240003  0 1.0 
325 3250003  1 1.0 
326 3260003  1 1.0 
327 3270003  0 1.0 
328 3280003  0 1.0 
329 3290003  0 1.0 
330 3300003  1 1.0 
331 3310003  1 1.0 
332 3320003  0 1.0 
333 3330003  0 1.0 
334 3340003  1 1.0 
335 3350003  1 1.0 
336 3360003  1 1.0 
337 3370003  1 1.0 
338 3380003  1 1.0 
339 3390003  1 1.0 
340 3400003  0 1.0 
341 3410003  0 1.0 
342 3420003  0 1.0 
343 3430003  0 1.0 
344 3440003  1 1.0 
345 3450003  1 1.0 
346 3460003  1 1.0 
347 3470003  1 1.0 
348 3480003  0 1.0 
349 3490003  0 1.0 
350 3500003  1 1.0 
351 3510003  0 1.0 
352 3520003  1 1.0 
353 3530003  1 1.0 
354 3540003  0 1.0 
355 3550003  1 1.0 
356 3560003  1 1.0 
357 3570003  1 1.0 
358 3580003  1 1.0 
359 3590003  1 1.0 
360 3600003  0 1.0 
361 3610003  1 1.0 
362 3620003  1 1.0 
363 3630003  0 1.0 
364 3640003  1 1.0 
365 3650003  0 1.0 
366 3660003  0 1.0 
367 3670003  1 1.0 
368 3680003  0 1.0 
369 3690003  1 1.0 
370 3700003  1 1.0 
371 3710003  1 1.0 
372 3720003  0 1.0 
373 3730003  0 1.0 
374 3740003  1 1.0 
375 3750003  0 1.0 
376 3760003  1 1.0 
377 3770003  0 1.0 
378 3780003  0 1.0 
379 3790003  0 1.0 
380 3800003  0 1.0 
381 3810003  1 1.0 
382 3820003  1 1.0 
383 3830003  1 1.0 
384 3840003  1 1.0 
385 3850003  0 1.0 
386 3860003  0 1.0 
387 3870003  1 1.0 
388 3880003  0 1.0 
389 3890003  0 1.0 
390 3900003  0 1.0 
391 3910003  0 1.0 
392 3920003  0 1.0 
393 3930003  0 1.0 
394 3940003  1 1.0 
395 3950003  1 1.0 
396 3960003  1 1.0 
397 3970003  0 1.0 
398 3980003  0 1.0 
399 3990003  0 1.0 
400 4000003  0 1.0 
