FID ID FA MO SEX Affection SNP1_1 SNP1_2 SNP1_3 SNP1_4 SNP1_5 SNP1_6 
1 10000 0 0 1 1  2 1 2 2 2 2 2 1 2 2 2 1 
1 10001 0 0 2 2  2 1 2 2 2 2 2 1 2 1 2 1 
1 10002 10000 10001 1 1  2 1 2 2 2 2 2 2 2 2 1 1 
1 10003 10000 10001 1 2  2 1 2 2 2 2 2 1 2 2 1 1 
2 20000 0 0 1 1  2 2 2 2 2 2 2 2 2 2 2 1 
2 20001 0 0 2 1  2 2 2 1 2 1 2 1 2 2 2 2 
2 20002 20000 20001 1 2  2 2 2 1 2 2 2 2 2 2 2 2 
2 20003 20000 20001 1 1  2 2 2 2 2 2 2 2 2 2 2 1 
3 30000 0 0 1 1  2 2 2 2 2 2 2 1 1 1 2 2 
3 30001 0 0 2 1  2 2 2 2 2 1 2 2 2 2 2 2 
3 30002 30000 30001 1 1  2 2 2 2 2 2 2 1 2 1 2 2 
3 30003 30000 30001 1 2  2 2 2 2 2 2 2 2 2 1 2 2 
4 40000 0 0 1 2  2 1 2 2 2 2 2 2 2 2 2 2 
4 40001 0 0 2 1  2 2 2 2 2 1 2 2 2 1 2 2 
4 40002 40000 40001 1 2  2 1 2 2 2 1 2 2 2 1 2 2 
4 40003 40000 40001 1 1  2 1 2 2 2 1 2 2 2 2 2 2 
5 50000 0 0 1 2  2 2 2 2 2 2 2 2 2 2 2 1 
5 50001 0 0 2 1  2 2 2 1 2 2 2 2 2 2 2 2 
5 50002 50000 50001 1 2  2 2 2 1 2 2 2 2 2 2 2 1 
5 50003 50000 50001 1 1  2 2 2 1 2 2 2 2 2 2 2 2 
6 60000 0 0 1 1  2 2 2 2 2 2 2 2 2 1 2 2 
6 60001 0 0 2 1  2 2 2 2 2 2 2 2 2 1 2 2 
6 60002 60000 60001 1 2  2 2 2 2 2 2 2 2 2 2 2 2 
6 60003 60000 60001 1 1  2 2 2 2 2 2 2 2 1 1 2 2 
7 70000 0 0 1 1  2 1 2 2 2 2 2 2 2 1 2 2 
7 70001 0 0 2 1  2 2 2 2 2 1 2 1 2 2 2 1 
7 70002 70000 70001 1 1  2 2 2 2 2 1 2 1 2 1 2 2 
7 70003 70000 70001 1 2  2 2 2 2 2 1 2 2 2 2 2 2 
8 80000 0 0 1 1  2 1 2 2 2 2 2 2 2 1 2 2 
8 80001 0 0 2 1  2 1 2 2 2 1 2 1 2 2 2 2 
8 80002 80000 80001 1 1  2 1 2 2 2 1 2 2 2 2 2 2 
8 80003 80000 80001 1 2  1 1 2 2 2 1 2 2 2 2 2 2 
9 90000 0 0 1 1  2 2 2 2 2 2 2 1 2 2 2 1 
9 90001 0 0 2 1  2 1 2 2 2 2 2 2 2 1 2 2 
9 90002 90000 90001 1 2  2 1 2 2 2 2 2 2 2 2 2 2 
9 90003 90000 90001 1 1  2 2 2 2 2 2 2 1 2 2 2 2 
10 100000 0 0 1 1  2 2 2 2 2 2 2 2 2 2 2 2 
10 100001 0 0 2 1  2 2 1 1 2 2 2 2 2 2 2 2 
10 100002 100000 100001 1 1  2 2 2 1 2 2 2 2 2 2 2 2 
10 100003 100000 100001 1 2  2 2 2 1 2 2 2 2 2 2 2 2 
11 110000 0 0 1 1  2 2 2 1 2 2 2 2 2 2 2 1 
11 110001 0 0 2 2  2 2 2 2 2 2 2 1 2 2 2 2 
11 110002 110000 110001 1 1  2 2 2 1 2 2 2 1 2 2 2 1 
11 110003 110000 110001 1 2  2 2 2 2 2 2 2 2 2 2 2 1 
12 120000 0 0 1 2  2 2 2 2 2 1 2 1 2 2 2 1 
12 120001 0 0 2 1  2 1 2 2 2 2 2 2 2 2 2 2 
12 120002 120000 120001 1 1  2 1 2 2 2 2 2 2 2 2 2 1 
12 120003 120000 120001 1 2  2 1 2 2 2 1 2 2 2 2 2 1 
13 130000 0 0 1 1  2 2 2 1 2 2 2 1 2 1 2 2 
13 130001 0 0 2 1  2 2 2 1 2 2 2 2 2 2 2 1 
13 130002 130000 130001 1 1  2 2 2 2 2 2 2 2 2 2 2 1 
13 130003 130000 130001 1 2  2 2 1 1 2 2 2 1 2 1 2 1 
14 140000 0 0 1 1  2 1 2 2 2 1 2 1 2 1 2 2 
14 140001 0 0 2 1  2 1 2 1 2 2 2 1 2 2 2 2 
14 140002 140000 140001 1 2  2 1 2 2 2 2 1 1 2 2 2 2 
14 140003 140000 140001 1 1  2 1 2 2 2 2 2 1 2 1 2 2 
15 150000 0 0 1 2  2 1 2 2 2 2 2 2 2 2 2 2 
15 150001 0 0 2 1  2 2 2 1 2 1 2 2 2 2 2 1 
15 150002 150000 150001 1 1  2 2 2 2 2 1 2 2 2 2 2 1 
15 150003 150000 150001 1 2  2 2 2 2 2 2 2 2 2 2 2 1 
16 160000 0 0 1 1  2 1 2 2 2 2 2 2 2 2 2 2 
16 160001 0 0 2 1  2 2 2 2 2 1 2 2 2 2 2 2 
16 160002 160000 160001 1 1  2 2 2 2 2 1 2 2 2 2 2 2 
16 160003 160000 160001 1 2  2 2 2 2 2 2 2 2 2 2 2 2 
17 170000 0 0 1 2  2 2 2 1 2 2 2 2 1 1 2 1 
17 170001 0 0 2 2  2 2 2 2 2 2 2 2 2 1 2 2 
17 170002 170000 170001 1 2  2 2 2 1 2 2 2 2 1 1 2 2 
17 170003 170000 170001 1 1  2 2 2 1 2 2 2 2 1 1 2 2 
18 180000 0 0 1 1  2 1 2 2 2 2 2 2 2 2 2 2 
18 180001 0 0 2 1  2 2 2 2 2 2 2 1 2 1 2 2 
18 180002 180000 180001 1 2  2 1 2 2 2 2 2 2 2 1 2 2 
18 180003 180000 180001 1 1  2 1 2 2 2 2 2 2 2 2 2 2 
19 190000 0 0 1 2  2 1 2 2 2 2 2 2 2 2 2 1 
19 190001 0 0 2 1  2 2 2 1 2 1 2 1 2 2 2 2 
19 190002 190000 190001 1 2  2 2 2 2 2 1 2 1 2 2 2 1 
19 190003 190000 190001 1 1  2 1 2 2 2 1 2 2 2 2 2 2 
20 200000 0 0 1 1  2 2 2 1 2 2 2 2 2 2 2 2 
20 200001 0 0 2 1  2 1 2 2 2 1 2 1 2 2 2 2 
20 200002 200000 200001 1 1  2 2 2 2 2 1 2 2 2 2 2 2 
20 200003 200000 200001 1 2  2 1 2 2 2 1 2 2 2 2 2 2 
21 210000 0 0 1 2  2 1 2 1 2 2 2 2 2 2 2 2 
21 210001 0 0 2 1  2 2 2 2 2 2 2 2 2 2 2 2 
21 210002 210000 210001 1 2  2 1 2 2 2 2 2 2 2 2 2 2 
21 210003 210000 210001 1 1  2 1 2 1 2 2 2 2 2 2 2 2 
22 220000 0 0 1 1  2 2 2 2 2 2 2 2 2 2 2 2 
22 220001 0 0 2 1  2 2 2 2 2 2 2 2 2 1 2 1 
22 220002 220000 220001 1 1  2 2 2 2 2 2 2 2 2 2 2 1 
22 220003 220000 220001 1 2  2 2 2 2 2 2 2 2 2 1 2 1 
23 230000 0 0 1 2  2 2 2 2 2 2 2 1 2 1 2 2 
23 230001 0 0 2 1  2 2 2 2 2 2 2 2 2 2 2 1 
23 230002 230000 230001 1 1  2 2 2 2 2 2 2 2 2 1 2 2 
23 230003 230000 230001 1 2  2 2 2 2 2 2 2 2 2 2 2 2 
24 240000 0 0 1 1  2 1 2 1 2 2 2 2 2 2 2 2 
24 240001 0 0 2 1  2 2 2 2 2 2 2 2 2 1 2 1 
24 240002 240000 240001 1 2  2 2 2 1 2 2 2 2 2 2 2 1 
24 240003 240000 240001 1 1  2 1 2 1 2 2 2 2 2 1 2 1 
25 250000 0 0 1 2  2 2 2 2 2 2 2 1 2 1 2 2 
25 250001 0 0 2 1  2 2 2 2 2 1 2 2 2 2 2 1 
25 250002 250000 250001 1 2  2 2 2 2 2 1 2 2 2 1 2 1 
25 250003 250000 250001 1 1  2 2 2 2 2 1 2 1 2 2 2 1 
26 260000 0 0 1 1  2 2 2 2 2 2 2 2 2 1 2 2 
26 260001 0 0 2 1  2 2 1 1 2 2 2 1 2 2 2 2 
26 260002 260000 260001 1 2  2 2 2 1 2 2 2 1 2 2 2 2 
26 260003 260000 260001 1 1  2 2 2 1 2 2 2 1 2 2 2 2 
27 270000 0 0 1 1  2 1 1 1 2 1 2 2 2 1 2 2 
27 270001 0 0 2 2  2 1 2 1 2 1 2 2 2 1 2 2 
27 270002 270000 270001 1 1  2 1 2 1 2 1 2 2 1 1 2 2 
27 270003 270000 270001 1 2  2 1 1 1 2 2 2 2 2 1 2 2 
28 280000 0 0 1 1  2 2 2 2 2 1 2 2 2 2 2 1 
28 280001 0 0 2 2  2 2 2 1 2 1 2 1 1 1 2 2 
28 280002 280000 280001 1 1  2 2 2 2 2 1 2 1 2 1 2 1 
28 280003 280000 280001 1 2  2 2 2 1 1 1 2 2 2 1 2 2 
29 290000 0 0 1 1  2 2 2 1 2 1 2 2 2 2 2 2 
29 290001 0 0 2 1  2 2 2 1 2 2 2 2 2 2 2 2 
29 290002 290000 290001 1 2  2 2 2 1 2 2 2 2 2 2 2 2 
29 290003 290000 290001 1 1  2 2 2 1 2 1 2 2 2 2 2 2 
30 300000 0 0 1 1  2 2 2 1 2 2 2 2 2 2 2 1 
30 300001 0 0 2 2  2 2 2 2 2 1 2 1 2 2 2 2 
30 300002 300000 300001 1 2  2 2 2 1 2 1 2 1 2 2 2 1 
30 300003 300000 300001 1 1  2 2 2 1 2 2 2 1 2 2 2 2 
31 310000 0 0 1 1  2 1 2 2 2 2 2 2 2 2 2 2 
31 310001 0 0 2 1  2 2 2 2 2 2 2 2 2 1 2 2 
31 310002 310000 310001 1 2  2 1 2 2 2 2 2 2 2 1 2 2 
31 310003 310000 310001 1 1  2 2 2 2 2 2 2 2 2 1 2 2 
32 320000 0 0 1 2  2 2 2 1 2 1 2 2 2 2 2 2 
32 320001 0 0 2 1  2 2 2 2 2 2 2 2 2 2 2 2 
32 320002 320000 320001 1 1  2 2 2 1 2 2 2 2 2 2 2 2 
32 320003 320000 320001 1 2  2 2 2 2 2 1 2 2 2 2 2 2 
33 330000 0 0 1 2  2 2 2 1 2 2 2 1 2 2 2 2 
33 330001 0 0 2 1  1 1 2 1 2 2 2 2 2 2 2 2 
33 330002 330000 330001 1 1  2 1 2 1 2 2 2 1 2 2 2 2 
33 330003 330000 330001 1 2  2 1 2 1 2 2 2 2 2 2 2 2 
34 340000 0 0 1 1  2 2 2 2 2 1 2 1 2 1 2 2 
34 340001 0 0 2 1  2 2 2 2 2 1 2 2 2 2 2 2 
34 340002 340000 340001 1 2  2 2 2 2 1 1 2 2 2 1 2 2 
34 340003 340000 340001 1 1  2 2 2 2 2 1 2 2 2 2 2 2 
35 350000 0 0 1 1  2 1 2 2 2 2 2 2 1 1 2 2 
35 350001 0 0 2 1  2 1 2 1 2 1 2 2 2 1 2 1 
35 350002 350000 350001 1 1  2 1 2 1 2 1 2 2 2 1 2 1 
35 350003 350000 350001 1 2  2 1 2 1 2 2 2 2 2 1 2 1 
36 360000 0 0 1 1  2 2 2 2 2 2 2 2 1 1 2 1 
36 360001 0 0 2 1  2 2 2 2 2 2 2 2 2 2 2 1 
36 360002 360000 360001 1 2  2 2 2 2 2 2 2 2 2 1 2 1 
36 360003 360000 360001 1 1  2 2 2 2 2 2 2 2 2 1 2 1 
37 370000 0 0 1 1  2 2 2 1 2 1 2 2 2 2 2 2 
37 370001 0 0 2 1  2 2 2 2 2 2 2 2 2 1 2 2 
37 370002 370000 370001 1 1  2 2 2 2 2 1 2 2 2 2 2 2 
37 370003 370000 370001 1 2  2 2 2 2 2 1 2 2 2 2 2 2 
38 380000 0 0 1 1  2 2 2 2 2 2 2 1 2 2 2 1 
38 380001 0 0 2 1  1 1 2 2 2 1 2 2 2 2 1 1 
38 380002 380000 380001 1 1  2 1 2 2 2 1 2 2 2 2 2 1 
38 380003 380000 380001 1 2  2 1 2 2 2 1 2 2 2 2 2 1 
39 390000 0 0 1 1  2 2 2 2 2 2 2 2 2 2 2 1 
39 390001 0 0 2 1  2 2 2 2 2 1 2 2 2 2 2 2 
39 390002 390000 390001 1 2  2 2 2 2 2 2 2 2 2 2 2 1 
39 390003 390000 390001 1 1  2 2 2 2 2 1 2 2 2 2 2 2 
40 400000 0 0 1 1  2 2 2 1 2 1 2 2 2 2 2 2 
40 400001 0 0 2 1  2 1 2 2 2 2 2 2 2 1 2 2 
40 400002 400000 400001 1 2  2 1 2 1 2 2 2 2 2 2 2 2 
40 400003 400000 400001 1 1  2 2 2 2 2 2 2 2 2 1 2 2 
41 410000 0 0 1 1  2 1 2 2 2 2 2 1 2 2 2 1 
41 410001 0 0 2 1  2 2 2 2 2 2 2 2 2 2 2 1 
41 410002 410000 410001 1 1  2 2 2 2 2 2 2 1 2 2 1 1 
41 410003 410000 410001 1 2  2 1 2 2 2 2 2 2 2 2 2 2 
42 420000 0 0 1 2  2 2 2 2 2 1 2 2 2 2 2 2 
42 420001 0 0 2 1  2 2 2 1 2 2 2 2 2 1 2 2 
42 420002 420000 420001 1 2  2 2 2 1 2 2 2 2 2 2 2 2 
42 420003 420000 420001 1 1  2 2 2 1 2 1 2 2 2 1 2 2 
43 430000 0 0 1 1  2 2 2 1 2 2 2 2 2 1 2 2 
43 430001 0 0 2 1  2 2 2 2 2 2 2 2 2 1 2 2 
43 430002 430000 430001 1 1  2 2 2 1 2 2 2 2 2 2 2 2 
43 430003 430000 430001 1 2  2 2 2 2 2 2 2 2 2 2 2 2 
44 440000 0 0 1 1  2 1 2 2 2 2 2 2 2 2 2 2 
44 440001 0 0 2 1  2 1 2 2 2 2 2 2 2 2 2 2 
44 440002 440000 440001 1 2  2 1 2 2 2 2 2 2 2 2 2 2 
44 440003 440000 440001 1 1  2 1 2 2 2 2 2 2 2 2 2 2 
45 450000 0 0 1 1  2 2 2 1 2 1 2 2 2 2 2 2 
45 450001 0 0 2 1  2 2 2 2 2 2 2 2 2 1 2 2 
45 450002 450000 450001 1 2  2 2 2 1 2 1 2 2 2 2 2 2 
45 450003 450000 450001 1 1  2 2 2 2 2 2 2 2 2 1 2 2 
46 460000 0 0 1 2  2 1 2 2 2 2 2 2 2 1 2 1 
46 460001 0 0 2 1  2 2 2 2 2 2 2 2 2 2 2 1 
46 460002 460000 460001 1 2  2 1 2 2 2 2 2 2 2 1 2 1 
46 460003 460000 460001 1 1  2 1 2 2 2 2 2 2 2 2 2 1 
47 470000 0 0 1 1  2 1 2 1 2 2 2 2 2 2 2 2 
47 470001 0 0 2 1  2 2 2 2 2 2 2 2 2 2 2 2 
47 470002 470000 470001 1 2  2 2 2 1 2 2 2 2 2 2 2 2 
47 470003 470000 470001 1 1  2 1 2 1 2 2 2 2 2 2 2 2 
48 480000 0 0 1 1  2 1 2 2 2 2 2 2 2 2 2 1 
48 480001 0 0 2 1  2 2 2 1 2 2 2 1 2 2 2 2 
48 480002 480000 480001 1 1  2 1 2 2 2 2 2 2 2 2 2 2 
48 480003 480000 480001 1 2  2 1 2 1 2 2 2 1 2 2 2 2 
49 490000 0 0 1 1  2 2 2 2 2 2 2 1 2 1 2 2 
49 490001 0 0 2 1  2 2 2 1 2 2 2 1 2 2 2 2 
49 490002 490000 490001 1 2  2 2 2 2 2 2 2 1 2 2 2 2 
49 490003 490000 490001 1 1  2 2 2 2 2 2 2 1 2 1 2 2 
50 500000 0 0 1 1  2 2 2 2 2 2 2 1 2 2 2 2 
50 500001 0 0 2 1  2 2 2 2 2 2 2 2 2 1 2 2 
50 500002 500000 500001 1 2  2 2 2 2 2 2 2 1 2 2 2 2 
50 500003 500000 500001 1 1  2 2 2 2 2 2 2 2 2 2 2 2 
51 510000 0 0 1 2  2 1 2 2 2 2 2 2 2 2 2 2 
51 510001 0 0 2 2  2 2 2 2 2 2 2 2 2 2 2 1 
51 510002 510000 510001 1 1  2 2 2 2 2 2 2 2 2 2 2 1 
51 510003 510000 510001 1 2  2 2 2 2 2 2 2 2 2 2 2 2 
52 520000 0 0 1 1  2 1 2 2 2 1 2 1 2 2 2 2 
52 520001 0 0 2 2  2 2 2 2 2 1 2 1 2 2 2 1 
52 520002 520000 520001 1 2  2 1 2 2 2 1 2 1 2 2 2 2 
52 520003 520000 520001 1 1  2 2 2 2 2 2 2 1 2 2 2 2 
53 530000 0 0 1 2  2 1 2 2 2 2 2 2 2 2 2 2 
53 530001 0 0 2 1  2 1 2 2 2 2 2 2 2 2 2 2 
53 530002 530000 530001 1 2  1 1 2 2 2 2 2 2 2 2 2 2 
53 530003 530000 530001 1 1  2 2 2 2 2 2 2 2 2 2 2 2 
54 540000 0 0 1 2  2 1 2 1 2 1 2 2 2 2 2 2 
54 540001 0 0 2 1  2 1 2 2 2 2 2 2 2 2 2 2 
54 540002 540000 540001 1 1  1 1 2 2 2 1 2 2 2 2 2 2 
54 540003 540000 540001 1 2  2 2 2 1 2 2 2 2 2 2 2 2 
55 550000 0 0 1 2  2 1 2 2 2 1 1 1 2 2 2 1 
55 550001 0 0 2 1  2 1 2 1 2 2 2 2 2 2 2 2 
55 550002 550000 550001 1 1  2 1 2 2 2 1 2 1 2 2 2 2 
55 550003 550000 550001 1 2  1 1 2 1 2 1 2 1 2 2 2 1 
56 560000 0 0 1 1  2 2 2 2 2 2 2 2 2 2 2 2 
56 560001 0 0 2 1  2 2 2 2 2 2 2 2 2 2 2 2 
56 560002 560000 560001 1 2  2 2 2 2 2 2 2 2 2 2 2 2 
56 560003 560000 560001 1 1  2 2 2 2 2 2 2 2 2 2 2 2 
57 570000 0 0 1 2  2 2 2 2 2 2 2 2 2 2 2 2 
57 570001 0 0 2 1  2 2 2 2 2 2 2 2 2 2 2 2 
57 570002 570000 570001 1 1  2 2 2 2 2 2 2 2 2 2 2 2 
57 570003 570000 570001 1 2  2 2 2 2 2 2 2 2 2 2 2 2 
58 580000 0 0 1 1  2 1 2 2 2 2 2 2 2 2 2 2 
58 580001 0 0 2 1  2 2 2 2 2 2 2 2 2 2 2 2 
58 580002 580000 580001 1 2  2 2 2 2 2 2 2 2 2 2 2 2 
58 580003 580000 580001 1 1  2 2 2 2 2 2 2 2 2 2 2 2 
59 590000 0 0 1 1  2 2 2 2 2 2 2 2 2 2 2 2 
59 590001 0 0 2 2  2 2 2 1 2 2 2 2 2 2 2 1 
59 590002 590000 590001 1 1  2 2 2 1 2 2 2 2 2 2 2 1 
59 590003 590000 590001 1 2  2 2 2 2 2 2 2 2 2 2 2 2 
60 600000 0 0 1 1  2 2 2 2 2 2 2 2 2 2 2 2 
60 600001 0 0 2 1  2 1 2 1 2 2 2 2 2 1 2 1 
60 600002 600000 600001 1 2  2 1 2 2 2 2 2 2 2 1 2 2 
60 600003 600000 600001 1 1  2 1 2 1 2 2 2 2 2 2 2 2 
61 610000 0 0 1 1  2 2 2 2 2 2 2 2 2 2 2 2 
61 610001 0 0 2 1  2 2 2 1 2 1 2 2 2 2 2 1 
61 610002 610000 610001 1 1  2 2 2 2 2 2 2 2 2 2 2 1 
61 610003 610000 610001 1 2  2 2 2 2 2 2 2 2 2 2 2 1 
62 620000 0 0 1 2  2 2 2 1 2 1 2 1 2 1 2 2 
62 620001 0 0 2 1  2 2 2 2 2 1 2 2 2 2 2 1 
62 620002 620000 620001 1 1  2 2 2 1 2 1 2 1 2 2 2 2 
62 620003 620000 620001 1 2  2 2 2 1 2 1 2 1 2 1 2 1 
63 630000 0 0 1 1  2 1 2 2 2 2 2 2 2 2 2 2 
63 630001 0 0 2 1  2 2 2 2 2 2 2 2 2 2 2 2 
63 630002 630000 630001 1 2  2 1 2 2 2 2 2 2 2 2 2 2 
63 630003 630000 630001 1 1  2 1 2 2 2 2 2 2 2 2 2 2 
64 640000 0 0 1 1  2 1 2 2 2 2 2 2 2 2 2 2 
64 640001 0 0 2 2  2 2 2 2 2 2 2 2 2 2 2 2 
64 640002 640000 640001 1 2  2 1 2 2 2 2 2 2 2 2 2 2 
64 640003 640000 640001 1 1  2 2 2 2 2 2 2 2 2 2 2 2 
65 650000 0 0 1 1  2 1 2 2 2 2 2 2 2 1 2 2 
65 650001 0 0 2 1  2 2 2 2 2 2 2 2 2 2 2 2 
65 650002 650000 650001 1 2  2 1 2 2 2 2 2 2 2 1 2 2 
65 650003 650000 650001 1 1  2 1 2 2 2 2 2 2 2 1 2 2 
66 660000 0 0 1 1  2 2 2 2 2 2 2 2 2 2 2 2 
66 660001 0 0 2 1  2 1 2 2 2 2 2 1 2 2 2 2 
66 660002 660000 660001 1 1  2 1 2 2 2 2 2 1 2 2 2 2 
66 660003 660000 660001 1 2  2 2 2 2 2 2 2 2 2 2 2 2 
67 670000 0 0 1 1  2 2 2 2 2 2 2 2 2 2 2 2 
67 670001 0 0 2 1  2 2 2 1 2 2 2 2 2 1 2 2 
67 670002 670000 670001 1 2  2 2 2 2 2 2 2 2 2 2 2 2 
67 670003 670000 670001 1 1  2 2 2 2 2 2 2 2 2 1 2 2 
68 680000 0 0 1 1  2 2 2 2 2 2 2 2 2 1 2 2 
68 680001 0 0 2 1  2 2 2 2 2 1 2 2 2 1 2 2 
68 680002 680000 680001 1 1  2 2 2 2 2 1 2 2 2 2 2 2 
68 680003 680000 680001 1 2  2 2 2 2 2 2 2 2 2 1 2 2 
69 690000 0 0 1 1  2 2 2 1 2 1 2 1 2 1 2 1 
69 690001 0 0 2 1  2 2 2 2 2 2 2 2 2 2 2 2 
69 690002 690000 690001 1 1  2 2 2 2 2 1 2 2 2 1 2 1 
69 690003 690000 690001 1 2  2 2 2 2 2 1 2 2 2 2 2 1 
70 700000 0 0 1 1  2 1 2 2 2 2 2 2 2 1 2 2 
70 700001 0 0 2 2  2 2 2 2 2 1 2 2 2 2 1 1 
70 700002 700000 700001 1 1  2 1 2 2 2 2 2 2 2 1 2 1 
70 700003 700000 700001 1 2  2 1 2 2 2 1 2 2 2 2 2 1 
71 710000 0 0 1 1  2 2 2 2 2 2 2 2 2 2 2 2 
71 710001 0 0 2 1  2 1 2 2 2 2 2 1 1 1 1 1 
71 710002 710000 710001 1 2  2 2 2 2 2 2 2 1 2 1 2 1 
71 710003 710000 710001 1 1  2 2 2 2 2 2 2 1 2 1 2 1 
72 720000 0 0 1 1  2 2 2 1 2 2 2 1 2 2 2 1 
72 720001 0 0 2 1  2 2 2 2 2 1 2 2 2 2 2 2 
72 720002 720000 720001 1 2  2 2 2 1 2 1 2 1 2 2 2 2 
72 720003 720000 720001 1 1  2 2 2 1 2 2 2 1 2 2 2 2 
73 730000 0 0 1 1  2 2 2 2 2 2 2 1 2 2 2 2 
73 730001 0 0 2 1  2 1 2 2 2 2 2 2 2 2 2 2 
73 730002 730000 730001 1 2  2 2 2 2 2 2 2 1 2 2 2 2 
73 730003 730000 730001 1 1  2 1 2 2 2 2 2 2 2 2 2 2 
74 740000 0 0 1 1  2 1 2 2 2 2 2 2 1 1 2 1 
74 740001 0 0 2 1  2 2 2 2 2 2 2 1 2 2 2 2 
74 740002 740000 740001 1 1  2 2 2 2 2 2 2 2 2 1 2 1 
74 740003 740000 740001 1 2  2 1 2 2 2 2 2 1 2 1 2 2 
75 750000 0 0 1 2  2 1 2 2 2 2 2 1 2 1 2 2 
75 750001 0 0 2 1  2 2 1 1 2 2 2 1 2 2 1 1 
75 750002 750000 750001 1 1  2 1 2 1 2 2 2 1 2 2 2 1 
75 750003 750000 750001 1 2  2 2 2 1 2 2 2 2 2 1 2 1 
76 760000 0 0 1 1  2 2 2 2 2 1 2 2 2 1 2 2 
76 760001 0 0 2 1  2 1 2 2 2 2 2 2 2 2 2 2 
76 760002 760000 760001 1 2  2 1 2 2 2 2 2 2 2 1 2 2 
76 760003 760000 760001 1 1  2 1 2 2 2 2 2 2 2 1 2 2 
77 770000 0 0 1 1  2 1 2 2 2 2 2 2 2 2 2 2 
77 770001 0 0 2 1  2 2 2 1 2 2 2 2 2 2 2 2 
77 770002 770000 770001 1 2  2 2 2 1 2 2 2 2 2 2 2 2 
77 770003 770000 770001 1 1  2 2 2 1 2 2 2 2 2 2 2 2 
78 780000 0 0 1 1  2 2 2 2 2 1 2 1 2 2 2 2 
78 780001 0 0 2 1  2 2 2 2 2 2 2 2 2 1 1 1 
78 780002 780000 780001 1 1  2 2 2 2 2 1 2 1 2 1 2 1 
78 780003 780000 780001 1 2  2 2 2 2 2 2 2 2 2 1 2 1 
79 790000 0 0 1 1  2 1 2 1 2 1 2 2 2 1 2 2 
79 790001 0 0 2 1  2 2 2 2 2 2 2 2 2 1 2 2 
79 790002 790000 790001 1 2  2 1 2 2 2 2 2 2 2 1 2 2 
79 790003 790000 790001 1 1  2 2 2 2 2 2 2 2 2 1 2 2 
80 800000 0 0 1 1  2 1 2 2 2 2 2 2 2 2 2 2 
80 800001 0 0 2 2  2 2 2 2 2 1 2 2 2 2 2 2 
80 800002 800000 800001 1 1  2 2 2 2 2 1 2 2 2 2 2 2 
80 800003 800000 800001 1 2  2 1 2 2 2 1 2 2 2 2 2 2 
81 810000 0 0 1 1  2 2 2 2 2 1 2 2 2 2 2 2 
81 810001 0 0 2 1  2 2 2 2 2 1 2 2 2 2 2 1 
81 810002 810000 810001 1 1  2 2 2 2 2 2 2 2 2 2 2 1 
81 810003 810000 810001 1 2  2 2 2 2 2 1 2 2 2 2 2 2 
82 820000 0 0 1 2  2 2 2 1 2 2 2 2 2 1 2 2 
82 820001 0 0 2 1  2 1 2 2 2 2 1 1 2 2 2 1 
82 820002 820000 820001 1 2  2 2 2 1 2 2 2 1 2 2 2 2 
82 820003 820000 820001 1 1  2 1 2 1 2 2 2 1 2 2 2 1 
83 830000 0 0 1 2  2 2 2 1 2 2 2 2 2 2 2 2 
83 830001 0 0 2 1  2 1 2 1 2 1 2 2 2 2 2 2 
83 830002 830000 830001 1 1  2 2 2 1 2 2 2 2 2 2 2 2 
83 830003 830000 830001 1 2  2 2 2 2 2 1 2 2 2 2 2 2 
84 840000 0 0 1 1  2 2 2 2 2 2 2 2 2 1 2 2 
84 840001 0 0 2 1  2 1 2 2 2 2 2 2 2 2 2 2 
84 840002 840000 840001 1 1  2 1 2 2 2 2 2 2 2 1 2 2 
84 840003 840000 840001 1 2  2 2 2 2 2 2 2 2 2 2 2 2 
85 850000 0 0 1 1  2 2 2 2 2 2 2 2 2 2 2 2 
85 850001 0 0 2 1  2 2 2 2 2 2 2 2 2 2 2 2 
85 850002 850000 850001 1 2  2 2 2 2 2 2 2 2 2 2 2 2 
85 850003 850000 850001 1 1  2 2 2 2 2 2 2 2 2 2 2 2 
86 860000 0 0 1 1  2 1 2 2 2 2 2 2 2 2 2 1 
86 860001 0 0 2 1  2 2 2 2 2 2 2 1 2 2 2 2 
86 860002 860000 860001 1 1  2 2 2 2 2 2 2 2 2 2 2 2 
86 860003 860000 860001 1 2  2 2 2 2 2 2 2 1 2 2 2 2 
87 870000 0 0 1 1  2 2 2 1 2 2 2 2 2 2 2 2 
87 870001 0 0 2 1  2 1 2 2 2 2 2 2 2 1 2 2 
87 870002 870000 870001 1 1  2 2 2 1 2 2 2 2 2 1 2 2 
87 870003 870000 870001 1 2  2 1 2 2 2 2 2 2 2 2 2 2 
88 880000 0 0 1 1  2 2 2 2 2 1 2 2 2 1 2 1 
88 880001 0 0 2 2  2 1 2 1 1 1 2 2 2 1 2 1 
88 880002 880000 880001 1 1  2 1 2 1 1 1 2 2 2 1 1 1 
88 880003 880000 880001 1 2  2 2 2 2 1 1 2 2 2 1 2 1 
89 890000 0 0 1 1  2 2 2 2 2 2 2 2 2 1 2 2 
89 890001 0 0 2 1  2 2 2 2 2 2 2 2 2 2 2 2 
89 890002 890000 890001 1 1  2 2 2 2 2 2 2 2 2 1 2 2 
89 890003 890000 890001 1 2  2 2 2 2 2 2 2 2 2 2 2 2 
90 900000 0 0 1 1  2 1 2 2 2 1 2 2 2 2 2 2 
90 900001 0 0 2 1  2 1 2 2 2 2 2 2 2 2 2 2 
90 900002 900000 900001 1 1  1 1 2 2 2 2 2 2 2 2 2 2 
90 900003 900000 900001 1 2  2 2 2 2 2 1 2 2 2 2 2 2 
91 910000 0 0 1 1  2 2 2 1 2 1 2 2 2 2 2 2 
91 910001 0 0 2 2  2 2 2 1 2 2 2 1 2 2 2 1 
91 910002 910000 910001 1 1  2 2 2 1 2 2 2 1 2 2 2 1 
91 910003 910000 910001 1 2  2 2 2 1 2 2 2 1 2 2 2 2 
92 920000 0 0 1 2  2 2 2 1 2 2 2 2 2 2 2 2 
92 920001 0 0 2 1  2 2 2 1 2 2 2 2 2 2 2 1 
92 920002 920000 920001 1 1  2 2 2 2 2 2 2 2 2 2 2 1 
92 920003 920000 920001 1 2  2 2 2 1 2 2 2 2 2 2 2 1 
93 930000 0 0 1 2  2 2 2 1 2 2 2 2 2 2 2 2 
93 930001 0 0 2 1  2 2 2 2 2 2 1 1 2 2 2 2 
93 930002 930000 930001 1 2  2 2 2 1 2 2 2 1 2 2 2 2 
93 930003 930000 930001 1 1  2 2 2 1 2 2 2 1 2 2 2 2 
94 940000 0 0 1 1  2 1 2 2 2 2 2 2 2 2 2 2 
94 940001 0 0 2 1  2 2 2 2 2 1 2 2 2 2 2 2 
94 940002 940000 940001 1 2  2 1 2 2 2 1 2 2 2 2 2 2 
94 940003 940000 940001 1 1  2 2 2 2 2 1 2 2 2 2 2 2 
95 950000 0 0 1 2  2 2 2 1 2 1 2 2 2 2 2 1 
95 950001 0 0 2 1  2 2 2 2 2 2 2 2 2 1 2 2 
95 950002 950000 950001 1 2  2 2 2 2 2 1 2 2 2 2 2 1 
95 950003 950000 950001 1 1  2 2 2 1 2 1 2 2 2 1 2 1 
96 960000 0 0 1 1  2 2 2 2 2 2 2 2 2 2 2 2 
96 960001 0 0 2 2  2 1 2 2 2 1 2 2 2 2 2 1 
96 960002 960000 960001 1 2  2 1 2 2 2 2 2 2 2 2 2 2 
96 960003 960000 960001 1 1  2 1 2 2 2 1 2 2 2 2 2 2 
97 970000 0 0 1 1  2 2 2 2 2 2 2 2 2 1 2 1 
97 970001 0 0 2 1  2 2 2 1 2 2 2 2 2 2 2 2 
97 970002 970000 970001 1 2  2 2 2 2 2 2 2 2 2 1 2 1 
97 970003 970000 970001 1 1  2 2 2 2 2 2 2 2 2 2 2 2 
98 980000 0 0 1 1  2 2 2 2 2 2 2 2 2 1 2 1 
98 980001 0 0 2 1  2 2 2 1 2 2 2 1 2 2 2 2 
98 980002 980000 980001 1 2  2 2 2 2 2 2 2 1 2 1 2 1 
98 980003 980000 980001 1 1  2 2 2 1 2 2 2 1 2 2 2 2 
99 990000 0 0 1 1  2 2 2 2 2 2 2 2 2 1 2 2 
99 990001 0 0 2 1  2 2 2 2 1 1 2 1 2 2 2 2 
99 990002 990000 990001 1 1  2 2 2 2 2 1 2 1 2 1 2 2 
99 990003 990000 990001 1 2  2 2 2 2 2 1 2 1 2 2 2 2 
100 1000000 0 0 1 1  2 2 2 2 1 1 2 2 2 1 2 1 
100 1000001 0 0 2 1  2 2 2 2 2 1 2 2 2 2 2 2 
100 1000002 1000000 1000001 1 2  2 2 2 2 2 1 2 2 2 1 2 2 
100 1000003 1000000 1000001 1 1  2 2 2 2 2 1 2 2 2 2 2 2 
101 1010003 0 0 1 2  2 1 2 2 2 2 1 1 2 2 1 1 
102 1020003 0 0 1 1  2 2 2 2 2 2 2 1 2 2 2 1 
103 1030003 0 0 1 2  2 2 2 1 2 1 2 2 2 2 2 2 
104 1040003 0 0 1 1  2 2 2 2 2 1 2 2 2 2 2 2 
105 1050003 0 0 1 1  2 2 2 2 2 1 2 1 2 2 2 2 
106 1060003 0 0 1 1  2 2 1 1 2 2 2 2 2 1 2 1 
107 1070003 0 0 1 1  2 1 2 2 2 2 2 2 2 2 2 2 
108 1080003 0 0 1 2  2 2 2 2 2 2 2 2 2 2 2 2 
109 1090003 0 0 1 2  2 2 2 2 2 2 2 2 2 1 2 2 
110 1100003 0 0 1 1  2 2 2 2 2 2 2 2 2 1 2 2 
111 1110003 0 0 1 1  2 2 2 2 2 2 2 2 2 2 2 2 
112 1120003 0 0 1 2  2 1 2 2 2 2 2 2 2 1 2 2 
113 1130003 0 0 1 1  2 1 2 2 2 2 2 2 2 1 2 1 
114 1140003 0 0 1 1  2 1 2 2 2 1 1 1 2 1 2 2 
115 1150003 0 0 1 1  2 2 2 1 2 2 2 2 2 2 2 2 
116 1160003 0 0 1 1  2 1 2 1 2 2 2 2 2 2 2 2 
117 1170003 0 0 1 1  2 2 2 2 2 2 2 1 2 1 2 2 
118 1180003 0 0 1 1  2 2 2 2 2 2 2 2 2 2 2 2 
119 1190003 0 0 1 1  2 1 2 1 2 2 2 1 2 2 2 1 
120 1200003 0 0 1 1  2 2 2 2 2 1 2 2 2 1 2 2 
121 1210003 0 0 1 1  2 2 2 2 2 2 2 2 2 1 2 2 
122 1220003 0 0 1 1  2 2 2 1 2 1 2 1 2 1 2 2 
123 1230003 0 0 1 1  2 2 2 2 2 2 2 1 2 2 2 1 
124 1240003 0 0 1 1  2 2 2 2 2 2 2 2 2 2 2 2 
125 1250003 0 0 1 2  2 1 2 2 2 2 2 2 2 1 2 1 
126 1260003 0 0 1 1  2 2 2 2 2 1 2 2 2 2 2 1 
127 1270003 0 0 1 1  2 2 2 2 2 2 2 1 2 1 2 2 
128 1280003 0 0 1 1  2 2 2 2 2 2 2 2 2 2 2 2 
129 1290003 0 0 1 1  2 1 2 2 2 2 2 2 2 2 2 1 
130 1300003 0 0 1 2  2 2 2 1 2 2 2 1 2 2 2 2 
131 1310003 0 0 1 2  2 2 2 2 2 2 2 2 2 1 2 1 
132 1320003 0 0 1 2  2 2 2 2 2 1 2 2 2 2 2 2 
133 1330003 0 0 1 1  2 2 2 2 2 2 2 2 2 1 2 2 
134 1340003 0 0 1 1  2 1 2 2 2 2 2 2 2 2 2 2 
135 1350003 0 0 1 1  2 2 2 2 2 2 2 1 2 2 2 2 
136 1360003 0 0 1 1  2 2 2 1 2 2 2 2 2 1 2 2 
137 1370003 0 0 1 2  2 2 2 2 2 2 2 2 2 2 2 2 
138 1380003 0 0 1 1  2 1 2 2 2 1 2 2 2 2 2 2 
139 1390003 0 0 1 1  2 1 2 2 2 1 2 2 2 2 2 2 
140 1400003 0 0 1 1  2 1 2 1 2 2 2 1 2 2 2 2 
141 1410003 0 0 1 1  2 2 2 2 2 2 2 2 2 1 2 2 
142 1420003 0 0 1 1  2 2 2 2 2 2 2 2 2 2 2 1 
143 1430003 0 0 1 1  2 2 2 2 2 2 2 2 2 2 1 1 
144 1440003 0 0 1 1  1 1 2 2 2 2 2 1 2 2 2 2 
145 1450003 0 0 1 1  2 2 2 2 2 2 2 1 2 2 2 2 
146 1460003 0 0 1 1  2 1 2 1 2 2 2 2 2 1 2 2 
147 1470003 0 0 1 1  2 1 2 2 2 2 2 2 2 2 2 2 
148 1480003 0 0 1 1  2 1 2 1 2 2 2 1 2 2 2 2 
149 1490003 0 0 1 1  2 1 2 2 2 2 2 2 2 1 2 2 
150 1500003 0 0 1 1  2 2 2 2 2 2 2 1 2 2 2 2 
151 1510003 0 0 1 1  2 2 2 1 2 2 2 2 2 2 2 2 
152 1520003 0 0 1 1  2 2 2 1 2 2 2 1 2 1 2 2 
153 1530003 0 0 1 2  2 1 2 2 2 2 2 2 2 2 2 2 
154 1540003 0 0 1 1  2 2 2 2 2 1 2 2 2 1 2 2 
155 1550003 0 0 1 1  1 1 2 2 2 2 2 2 2 1 2 2 
156 1560003 0 0 1 1  2 1 2 2 2 2 2 2 2 2 2 1 
157 1570003 0 0 1 2  2 2 2 2 2 2 2 2 2 2 2 2 
158 1580003 0 0 1 1  2 2 2 1 2 2 2 2 2 1 2 2 
159 1590003 0 0 1 1  2 2 2 1 2 1 2 1 2 1 2 2 
160 1600003 0 0 1 1  2 1 2 2 2 2 2 2 2 2 2 2 
161 1610003 0 0 1 1  2 2 2 2 2 2 2 2 2 2 2 2 
162 1620003 0 0 1 1  2 2 2 2 2 2 2 2 1 1 2 2 
163 1630003 0 0 1 2  2 1 2 2 2 2 2 2 2 2 2 2 
164 1640003 0 0 1 2  2 2 2 2 2 1 2 2 2 1 2 2 
165 1650003 0 0 1 2  2 2 2 2 2 2 2 2 2 2 2 2 
166 1660003 0 0 1 2  2 1 2 1 2 1 2 2 2 2 2 2 
167 1670003 0 0 1 2  2 2 2 2 2 2 2 2 2 2 2 2 
168 1680003 0 0 1 2  2 2 2 2 2 1 2 1 2 2 2 1 
169 1690003 0 0 1 2  2 2 2 1 2 2 2 2 2 2 2 2 
170 1700003 0 0 1 2  2 2 2 2 2 2 2 2 2 2 2 1 
171 1710003 0 0 1 2  2 2 2 2 2 1 2 2 2 2 2 1 
172 1720003 0 0 1 2  2 2 2 2 2 2 2 2 2 2 2 2 
173 1730003 0 0 1 2  2 1 2 2 2 2 2 2 2 1 2 2 
174 1740003 0 0 1 2  2 2 2 1 2 2 2 1 2 2 2 2 
175 1750003 0 0 1 2  2 1 2 2 2 2 2 2 2 1 2 2 
176 1760003 0 0 1 2  2 2 2 1 2 2 2 1 2 2 2 2 
177 1770003 0 0 1 2  2 2 2 2 2 2 2 2 2 2 2 2 
178 1780003 0 0 1 2  2 2 2 2 2 2 2 2 2 1 2 2 
179 1790003 0 0 1 2  2 2 2 2 2 2 2 2 2 2 2 2 
180 1800003 0 0 1 2  2 1 2 1 2 2 2 2 2 1 2 2 
181 1810003 0 0 1 2  2 2 2 2 2 2 2 2 2 1 2 1 
182 1820003 0 0 1 2  2 2 2 2 2 2 2 2 2 2 2 2 
183 1830003 0 0 1 2  2 2 2 1 2 1 2 1 2 2 2 2 
184 1840003 0 0 1 2  2 1 2 2 2 2 2 2 2 1 2 2 
185 1850003 0 0 1 2  2 2 2 2 2 2 2 1 2 2 2 2 
186 1860003 0 0 1 2  2 2 2 1 2 2 2 2 2 2 2 2 
187 1870003 0 0 1 2  2 1 2 1 2 2 2 2 2 2 2 2 
188 1880003 0 0 1 2  2 1 2 1 2 1 2 2 2 2 1 1 
189 1890003 0 0 1 2  2 2 2 2 2 2 2 1 2 2 2 1 
190 1900003 0 0 1 2  2 2 2 2 2 2 2 2 2 2 2 1 
191 1910003 0 0 1 2  2 2 2 1 2 1 2 2 1 1 2 2 
192 1920003 0 0 1 2  2 2 2 2 2 2 2 2 2 2 2 2 
193 1930003 0 0 1 2  2 2 2 1 2 2 2 1 2 1 2 2 
194 1940003 0 0 1 2  2 1 2 2 2 2 2 1 2 1 2 2 
195 1950003 0 0 1 2  2 2 2 2 2 2 2 2 2 2 2 1 
196 1960003 0 0 1 2  2 2 2 1 2 2 2 2 2 2 2 2 
197 1970003 0 0 1 2  2 2 2 2 2 1 2 2 2 2 2 2 
198 1980003 0 0 1 2  2 2 2 2 2 1 2 2 2 1 2 2 
199 1990003 0 0 1 2  2 2 2 2 2 2 2 2 2 2 2 1 
200 2000003 0 0 1 2  2 1 2 2 2 2 2 1 2 1 2 1 
201 2010000 0 0 1 1  2 1 2 2 2 2 2 1 2 2 2 1 
201 2010001 0 0 2 2  2 1 2 2 2 1 2 1 2 1 2 1 
201 2010002 2010000 2010001 1 1  2 2 2 2 2 2 2 1 2 2 1 1 
201 2010003 2010000 2010001 1 2  2 1 2 2 2 1 1 1 2 2 2 1 
202 2020000 0 0 1 1  2 1 2 1 2 2 2 1 2 1 1 1 
202 2020001 0 0 2 2  2 1 2 2 2 1 1 1 2 1 2 1 
202 2020002 2020000 2020001 1 1  2 1 2 1 2 1 2 1 2 2 1 1 
202 2020003 2020000 2020001 1 2  2 1 2 1 2 2 2 1 2 2 1 1 
203 2030000 0 0 1 2  2 2 2 1 2 2 2 1 2 2 2 1 
203 2030001 0 0 2 2  2 1 2 1 2 2 2 1 1 1 2 2 
203 2030002 2030000 2030001 1 2  2 2 1 1 2 2 1 1 2 1 2 2 
203 2030003 2030000 2030001 1 1  2 1 1 1 2 2 1 1 2 1 2 2 
204 2040000 0 0 1 2  2 2 2 2 2 2 2 2 2 2 2 1 
204 2040001 0 0 2 2  2 1 2 1 1 1 2 1 2 2 2 2 
204 2040002 2040000 2040001 1 2  2 1 2 1 2 1 2 2 2 2 2 2 
204 2040003 2040000 2040001 1 1  2 1 2 2 2 1 2 2 2 2 2 1 
205 2050000 0 0 1 1  2 1 2 2 2 1 2 2 2 2 2 2 
205 2050001 0 0 2 2  2 2 2 1 2 1 2 2 2 2 2 1 
205 2050002 2050000 2050001 1 1  2 2 2 1 1 1 2 2 2 2 2 2 
205 2050003 2050000 2050001 1 2  2 2 2 2 2 1 2 2 2 2 2 2 
206 2060000 0 0 1 1  2 2 2 2 2 2 1 1 2 1 2 2 
206 2060001 0 0 2 2  1 1 2 2 2 2 2 1 1 1 2 2 
206 2060002 2060000 2060001 1 2  2 1 2 2 2 2 1 1 1 1 2 2 
206 2060003 2060000 2060001 1 1  2 1 2 2 2 2 2 1 1 1 2 2 
207 2070000 0 0 1 1  2 2 1 1 2 2 2 1 2 2 2 2 
207 2070001 0 0 2 1  2 2 2 1 2 2 2 1 2 2 2 2 
207 2070002 2070000 2070001 1 2  2 2 1 1 2 2 2 1 2 2 2 2 
207 2070003 2070000 2070001 1 1  2 2 2 1 2 2 2 2 2 2 2 2 
208 2080000 0 0 1 2  1 1 2 2 1 1 2 1 2 2 2 2 
208 2080001 0 0 2 2  2 1 1 1 2 1 2 1 1 1 2 2 
208 2080002 2080000 2080001 1 2  2 1 2 1 1 1 2 1 2 1 2 2 
208 2080003 2080000 2080001 1 1  1 1 2 1 2 1 2 1 2 1 2 2 
209 2090000 0 0 1 2  2 2 2 1 2 1 2 2 2 2 2 1 
209 2090001 0 0 2 1  2 1 2 2 2 2 2 2 2 1 2 1 
209 2090002 2090000 2090001 1 1  2 2 2 1 2 1 2 2 2 1 2 2 
209 2090003 2090000 2090001 1 2  2 1 2 1 2 1 2 2 2 1 2 1 
210 2100000 0 0 1 2  2 1 2 2 2 2 2 1 2 2 2 1 
210 2100001 0 0 2 1  2 2 2 1 2 1 2 2 2 1 2 2 
210 2100002 2100000 2100001 1 2  2 1 2 1 2 2 2 1 2 1 2 2 
210 2100003 2100000 2100001 1 1  2 1 2 2 2 2 2 2 2 1 2 2 
211 2110000 0 0 1 2  2 1 1 1 1 1 2 2 2 2 2 2 
211 2110001 0 0 2 2  2 2 1 1 2 2 2 2 2 1 2 1 
211 2110002 2110000 2110001 1 2  2 1 1 1 2 1 2 2 2 2 2 2 
211 2110003 2110000 2110001 1 1  2 2 1 1 2 1 2 2 2 2 2 1 
212 2120000 0 0 1 1  2 1 2 1 2 2 2 1 2 1 1 1 
212 2120001 0 0 2 1  2 2 2 1 2 1 2 2 2 2 2 1 
212 2120002 2120000 2120001 1 2  2 2 1 1 2 1 2 2 2 2 1 1 
212 2120003 2120000 2120001 1 1  2 2 2 1 2 1 2 1 2 2 2 1 
213 2130000 0 0 1 2  2 2 2 2 2 2 2 2 2 2 2 2 
213 2130001 0 0 2 1  2 1 2 1 1 1 2 2 2 2 1 1 
213 2130002 2130000 2130001 1 1  2 1 2 1 2 1 2 2 2 2 2 1 
213 2130003 2130000 2130001 1 2  2 2 2 2 2 1 2 2 2 2 2 1 
214 2140000 0 0 1 1  2 2 2 2 2 2 2 2 2 1 2 2 
214 2140001 0 0 2 2  2 1 2 1 2 2 1 1 2 1 2 2 
214 2140002 2140000 2140001 1 2  2 2 2 1 2 2 2 1 2 1 2 2 
214 2140003 2140000 2140001 1 1  2 1 2 1 2 2 2 1 1 1 2 2 
215 2150000 0 0 1 1  2 1 2 2 1 1 2 2 2 2 2 1 
215 2150001 0 0 2 2  2 2 2 2 2 2 1 1 2 2 2 1 
215 2150002 2150000 2150001 1 2  2 1 2 2 2 1 2 1 2 2 2 1 
215 2150003 2150000 2150001 1 1  2 1 2 2 2 1 2 1 2 2 2 1 
216 2160000 0 0 1 1  1 1 2 2 2 2 2 2 2 1 2 2 
216 2160001 0 0 2 1  2 1 2 2 2 1 2 1 2 2 2 2 
216 2160002 2160000 2160001 1 1  1 1 2 2 2 1 2 1 2 2 2 2 
216 2160003 2160000 2160001 1 2  1 1 2 2 2 2 2 1 2 2 2 2 
217 2170000 0 0 1 2  2 2 2 2 2 2 2 1 2 2 1 1 
217 2170001 0 0 2 1  2 1 2 1 2 1 2 1 1 1 2 2 
217 2170002 2170000 2170001 1 2  2 1 2 2 2 2 2 2 2 1 2 1 
217 2170003 2170000 2170001 1 1  2 2 2 2 2 2 2 1 2 1 2 1 
218 2180000 0 0 1 1  2 2 2 2 2 1 2 2 2 2 2 2 
218 2180001 0 0 2 1  2 1 1 1 2 2 2 1 2 2 2 1 
218 2180002 2180000 2180001 1 2  2 1 2 1 2 2 2 1 2 2 2 2 
218 2180003 2180000 2180001 1 1  2 2 2 1 2 1 2 2 2 2 2 1 
219 2190000 0 0 1 1  2 2 2 1 2 1 2 2 2 1 2 2 
219 2190001 0 0 2 1  2 1 2 2 2 2 2 1 2 1 2 2 
219 2190002 2190000 2190001 1 2  2 1 2 2 2 1 2 2 1 1 2 2 
219 2190003 2190000 2190001 1 1  2 2 2 1 2 1 2 2 2 1 2 2 
220 2200000 0 0 1 2  2 1 2 2 2 1 2 1 2 2 1 1 
220 2200001 0 0 2 2  1 1 2 2 2 2 2 1 2 2 2 2 
220 2200002 2200000 2200001 1 2  1 1 2 2 2 2 1 1 2 2 2 1 
220 2200003 2200000 2200001 1 1  1 1 2 2 2 1 1 1 2 2 2 1 
221 2210000 0 0 1 1  2 2 2 2 2 1 2 2 2 1 2 1 
221 2210001 0 0 2 1  2 1 2 2 2 1 2 2 1 1 2 2 
221 2210002 2210000 2210001 1 2  2 1 2 2 2 1 2 2 2 1 2 2 
221 2210003 2210000 2210001 1 1  2 2 2 2 1 1 2 2 2 1 2 2 
222 2220000 0 0 1 2  1 1 2 2 2 1 2 1 2 1 2 1 
222 2220001 0 0 2 2  2 1 2 1 1 1 1 1 2 2 1 1 
222 2220002 2220000 2220001 1 1  2 1 2 1 1 1 2 1 2 1 1 1 
222 2220003 2220000 2220001 1 2  2 1 2 2 1 1 2 1 2 2 1 1 
223 2230000 0 0 1 2  2 2 2 2 2 1 2 1 2 1 1 1 
223 2230001 0 0 2 2  2 2 2 1 2 1 2 2 2 2 1 1 
223 2230002 2230000 2230001 1 2  2 2 2 1 2 1 2 2 2 2 1 1 
223 2230003 2230000 2230001 1 1  2 2 2 1 2 2 2 2 2 2 1 1 
224 2240000 0 0 1 1  2 1 2 1 2 1 2 1 2 1 2 2 
224 2240001 0 0 2 2  2 2 2 1 2 1 2 2 2 1 2 1 
224 2240002 2240000 2240001 1 2  2 2 1 1 2 1 2 1 2 1 2 1 
224 2240003 2240000 2240001 1 1  2 2 2 1 2 1 2 2 1 1 2 1 
225 2250000 0 0 1 2  2 1 2 2 2 2 2 2 2 2 2 1 
225 2250001 0 0 2 1  2 1 2 1 2 1 2 2 2 1 2 2 
225 2250002 2250000 2250001 1 1  2 1 2 2 2 2 2 2 2 2 2 2 
225 2250003 2250000 2250001 1 2  2 1 2 1 2 2 2 2 2 1 2 2 
226 2260000 0 0 1 2  2 2 1 1 2 1 1 1 2 2 2 1 
226 2260001 0 0 2 2  2 2 1 1 2 1 2 2 2 1 2 1 
226 2260002 2260000 2260001 1 2  2 2 1 1 2 1 2 1 2 2 2 2 
226 2260003 2260000 2260001 1 1  2 2 1 1 2 1 2 1 2 1 1 1 
227 2270000 0 0 1 2  2 2 2 2 1 1 2 2 2 2 2 2 
227 2270001 0 0 2 1  1 1 2 1 2 2 2 1 2 1 2 1 
227 2270002 2270000 2270001 1 1  2 1 2 2 2 1 2 2 2 1 2 1 
227 2270003 2270000 2270001 1 2  2 1 2 2 2 1 2 1 2 2 2 2 
228 2280000 0 0 1 1  2 2 2 1 2 2 2 2 2 1 2 1 
228 2280001 0 0 2 2  1 1 2 1 2 2 2 1 2 2 2 2 
228 2280002 2280000 2280001 1 2  2 1 2 1 2 2 2 2 2 1 2 1 
228 2280003 2280000 2280001 1 1  2 1 2 2 2 2 2 1 2 2 2 2 
229 2290000 0 0 1 2  1 1 2 2 1 1 2 2 2 2 2 2 
229 2290001 0 0 2 2  2 2 2 1 2 1 2 1 2 2 2 1 
229 2290002 2290000 2290001 1 2  2 1 2 2 2 1 2 2 2 2 2 2 
229 2290003 2290000 2290001 1 1  2 1 2 1 2 1 2 1 2 2 2 1 
230 2300000 0 0 1 2  1 1 2 1 2 2 2 1 2 1 2 1 
230 2300001 0 0 2 2  2 1 2 1 1 1 2 2 2 1 2 1 
230 2300002 2300000 2300001 1 1  2 1 2 1 2 1 2 2 1 1 1 1 
230 2300003 2300000 2300001 1 2  1 1 1 1 2 1 2 1 2 2 2 1 
231 2310000 0 0 1 2  2 1 2 2 2 2 2 1 2 1 1 1 
231 2310001 0 0 2 2  2 2 2 1 2 1 2 1 2 1 2 2 
231 2310002 2310000 2310001 1 2  2 2 2 2 2 1 1 1 2 1 2 1 
231 2310003 2310000 2310001 1 1  2 1 2 1 2 1 2 1 1 1 2 1 
232 2320000 0 0 1 1  2 2 2 1 2 1 2 2 2 2 2 1 
232 2320001 0 0 2 1  2 2 2 2 2 1 2 1 2 1 2 2 
232 2320002 2320000 2320001 1 2  2 2 2 2 2 1 2 2 2 2 2 2 
232 2320003 2320000 2320001 1 1  2 2 2 2 2 1 2 2 2 1 2 1 
233 2330000 0 0 1 2  2 1 2 2 2 1 2 2 2 1 2 1 
233 2330001 0 0 2 1  2 1 2 2 2 2 2 1 2 2 1 1 
233 2330002 2330000 2330001 1 1  1 1 2 2 2 1 2 1 2 1 2 1 
233 2330003 2330000 2330001 1 2  2 1 2 2 2 2 2 2 2 2 2 1 
234 2340000 0 0 1 1  2 1 1 1 2 1 2 1 1 1 1 1 
234 2340001 0 0 2 1  2 2 2 2 2 2 2 1 2 2 1 1 
234 2340002 2340000 2340001 1 1  2 2 2 1 2 1 2 1 2 1 1 1 
234 2340003 2340000 2340001 1 2  2 1 2 1 2 1 2 1 2 1 1 1 
235 2350000 0 0 1 2  2 1 2 1 2 1 2 1 2 2 2 1 
235 2350001 0 0 2 1  2 1 2 1 2 2 2 1 2 2 1 1 
235 2350002 2350000 2350001 1 1  2 2 1 1 2 1 1 1 2 2 1 1 
235 2350003 2350000 2350001 1 2  2 1 2 1 2 2 1 1 2 2 2 1 
236 2360000 0 0 1 2  2 2 2 1 2 2 2 2 2 1 2 1 
236 2360001 0 0 2 2  2 2 2 2 2 2 2 2 2 2 2 1 
236 2360002 2360000 2360001 1 1  2 2 2 2 2 2 2 2 2 1 1 1 
236 2360003 2360000 2360001 1 2  2 2 2 1 2 2 2 2 2 1 1 1 
237 2370000 0 0 1 1  1 1 2 2 2 1 2 1 2 1 2 1 
237 2370001 0 0 2 2  2 1 1 1 2 1 2 1 2 2 2 1 
237 2370002 2370000 2370001 1 1  1 1 2 1 2 1 2 1 2 2 1 1 
237 2370003 2370000 2370001 1 2  1 1 2 1 2 1 2 2 2 2 2 1 
238 2380000 0 0 1 1  2 1 2 1 2 1 2 2 2 2 2 2 
238 2380001 0 0 2 2  2 2 2 2 2 2 2 2 2 2 2 2 
238 2380002 2380000 2380001 1 2  2 1 2 2 2 2 2 2 2 2 2 2 
238 2380003 2380000 2380001 1 1  2 1 2 2 2 2 2 2 2 2 2 2 
239 2390000 0 0 1 2  2 2 2 1 2 2 2 2 2 2 2 1 
239 2390001 0 0 2 1  2 2 2 2 2 2 2 2 2 1 2 1 
239 2390002 2390000 2390001 1 1  2 2 2 1 2 2 2 2 2 1 1 1 
239 2390003 2390000 2390001 1 2  2 2 2 1 2 2 2 2 2 1 2 1 
240 2400000 0 0 1 1  2 2 2 2 2 1 2 2 2 2 2 2 
240 2400001 0 0 2 2  2 2 2 1 2 2 2 1 2 1 2 2 
240 2400002 2400000 2400001 1 2  2 2 2 2 2 2 2 2 2 2 2 2 
240 2400003 2400000 2400001 1 1  2 2 2 1 2 2 2 1 2 1 2 2 
241 2410000 0 0 1 1  2 2 2 2 2 2 2 1 2 1 2 2 
241 2410001 0 0 2 2  2 2 2 1 2 1 2 2 2 1 2 1 
241 2410002 2410000 2410001 1 2  2 2 2 1 2 1 2 1 2 1 2 1 
241 2410003 2410000 2410001 1 1  2 2 2 2 2 1 2 2 2 2 2 1 
242 2420000 0 0 1 1  2 1 2 1 2 1 2 1 2 2 2 1 
242 2420001 0 0 2 2  2 2 2 2 2 1 2 1 1 1 2 2 
242 2420002 2420000 2420001 1 1  2 1 2 1 2 2 1 1 2 1 2 1 
242 2420003 2420000 2420001 1 2  2 2 2 1 2 2 1 1 2 1 2 2 
243 2430000 0 0 1 1  1 1 2 1 2 1 2 1 2 2 1 1 
243 2430001 0 0 2 1  2 2 1 1 1 1 2 1 1 1 2 2 
243 2430002 2430000 2430001 1 1  2 1 1 1 1 1 1 1 2 1 2 1 
243 2430003 2430000 2430001 1 2  2 1 2 1 2 1 2 1 2 1 2 1 
244 2440000 0 0 1 2  2 1 2 2 2 2 2 2 2 1 2 2 
244 2440001 0 0 2 2  1 1 2 1 2 2 1 1 2 1 2 1 
244 2440002 2440000 2440001 1 1  1 1 2 1 2 2 2 1 2 1 2 2 
244 2440003 2440000 2440001 1 2  2 1 2 2 2 2 2 1 1 1 2 2 
245 2450000 0 0 1 1  2 2 1 1 2 1 2 2 2 2 2 2 
245 2450001 0 0 2 1  2 2 2 1 2 2 2 1 2 2 2 2 
245 2450002 2450000 2450001 1 2  2 2 1 1 2 1 2 1 2 2 2 2 
245 2450003 2450000 2450001 1 1  2 2 1 1 2 2 2 1 2 2 2 2 
246 2460000 0 0 1 2  2 2 1 1 2 1 2 2 2 2 2 1 
246 2460001 0 0 2 1  2 1 2 1 2 1 2 1 2 2 2 2 
246 2460002 2460000 2460001 1 1  2 2 2 1 2 2 2 2 2 2 2 1 
246 2460003 2460000 2460001 1 2  2 1 2 1 1 1 2 2 2 2 2 2 
247 2470000 0 0 1 2  2 1 2 2 2 1 2 2 2 2 2 2 
247 2470001 0 0 2 1  2 1 2 1 2 2 2 2 2 1 2 2 
247 2470002 2470000 2470001 1 1  2 1 2 1 2 1 2 2 2 2 2 2 
247 2470003 2470000 2470001 1 2  2 2 2 2 2 1 2 2 2 2 2 2 
248 2480000 0 0 1 1  2 2 2 2 2 2 2 1 2 1 1 1 
248 2480001 0 0 2 2  1 1 2 1 2 1 2 1 2 2 2 1 
248 2480002 2480000 2480001 1 1  2 1 2 2 2 1 1 1 2 1 1 1 
248 2480003 2480000 2480001 1 2  2 1 2 2 2 1 2 1 2 2 2 1 
249 2490000 0 0 1 1  2 2 2 1 2 1 2 1 2 2 2 2 
249 2490001 0 0 2 1  2 2 2 1 2 1 1 1 2 2 2 1 
249 2490002 2490000 2490001 1 2  2 2 1 1 1 1 1 1 2 2 2 2 
249 2490003 2490000 2490001 1 1  2 2 2 1 2 1 2 1 2 2 2 1 
250 2500000 0 0 1 1  2 2 2 2 2 1 2 2 2 2 1 1 
250 2500001 0 0 2 1  2 1 2 2 2 2 2 2 2 1 2 2 
250 2500002 2500000 2500001 1 2  2 1 2 2 2 2 2 2 2 1 2 1 
250 2500003 2500000 2500001 1 1  2 1 2 2 2 1 2 2 2 1 2 1 
251 2510000 0 0 1 1  2 2 2 1 2 1 2 2 2 1 2 1 
251 2510001 0 0 2 1  2 1 2 1 2 1 2 1 1 1 2 1 
251 2510002 2510000 2510001 1 2  2 2 2 1 2 2 2 2 1 1 2 1 
251 2510003 2510000 2510001 1 1  2 1 1 1 2 2 2 1 2 1 1 1 
252 2520000 0 0 1 2  2 2 2 1 2 2 1 1 2 1 2 2 
252 2520001 0 0 2 1  1 1 2 1 2 1 2 2 2 2 2 2 
252 2520002 2520000 2520001 1 1  2 1 2 1 2 2 2 1 2 1 2 2 
252 2520003 2520000 2520001 1 2  2 1 2 1 2 1 2 1 2 2 2 2 
253 2530000 0 0 1 1  2 2 2 2 2 2 2 2 2 1 2 2 
253 2530001 0 0 2 1  2 1 2 2 1 1 2 2 2 2 2 1 
253 2530002 2530000 2530001 1 1  2 1 2 2 2 1 2 2 2 1 2 1 
253 2530003 2530000 2530001 1 2  2 1 2 2 2 1 2 2 2 2 2 1 
254 2540000 0 0 1 1  2 1 2 1 2 2 2 2 2 2 2 2 
254 2540001 0 0 2 2  2 1 2 1 2 2 2 2 2 1 2 1 
254 2540002 2540000 2540001 1 1  2 1 2 2 2 2 2 2 2 2 2 2 
254 2540003 2540000 2540001 1 2  1 1 2 2 2 2 2 2 2 2 2 1 
255 2550000 0 0 1 2  2 2 2 2 2 2 2 2 2 2 2 1 
255 2550001 0 0 2 2  2 2 2 1 2 2 2 1 2 2 2 1 
255 2550002 2550000 2550001 1 2  2 2 2 1 2 2 2 2 2 2 2 1 
255 2550003 2550000 2550001 1 1  2 2 2 2 2 2 2 2 2 2 2 2 
256 2560000 0 0 1 1  2 1 2 1 2 2 2 1 2 2 2 2 
256 2560001 0 0 2 2  1 1 2 1 2 1 2 2 2 1 2 1 
256 2560002 2560000 2560001 1 1  1 1 2 1 2 1 2 1 2 2 2 1 
256 2560003 2560000 2560001 1 2  2 1 2 1 2 2 2 2 2 2 2 1 
257 2570000 0 0 1 2  2 2 2 2 2 1 2 2 1 1 2 2 
257 2570001 0 0 2 2  2 1 1 1 2 2 2 2 1 1 2 1 
257 2570002 2570000 2570001 1 1  2 2 2 1 2 2 2 2 1 1 2 1 
257 2570003 2570000 2570001 1 2  2 2 2 1 2 2 2 2 1 1 2 1 
258 2580000 0 0 1 1  2 2 2 2 2 2 2 1 2 2 2 1 
258 2580001 0 0 2 1  2 2 2 1 2 1 1 1 2 1 2 2 
258 2580002 2580000 2580001 1 2  2 2 2 2 2 2 2 1 2 2 2 1 
258 2580003 2580000 2580001 1 1  2 2 2 2 2 2 1 1 2 2 2 2 
259 2590000 0 0 1 2  2 2 2 2 2 1 2 1 1 1 2 1 
259 2590001 0 0 2 1  2 1 2 2 2 1 2 2 2 2 2 1 
259 2590002 2590000 2590001 1 2  2 1 2 2 2 1 2 1 2 1 2 1 
259 2590003 2590000 2590001 1 1  2 2 2 2 2 2 2 1 2 1 1 1 
260 2600000 0 0 1 1  2 2 2 1 2 1 2 2 2 2 2 1 
260 2600001 0 0 2 1  2 2 2 1 2 1 2 2 1 1 2 1 
260 2600002 2600000 2600001 1 2  2 2 2 1 2 1 2 2 2 1 2 1 
260 2600003 2600000 2600001 1 1  2 2 2 1 1 1 2 2 2 1 2 1 
261 2610000 0 0 1 2  2 1 2 1 2 1 2 1 1 1 2 2 
261 2610001 0 0 2 1  2 1 1 1 1 1 2 2 2 1 1 1 
261 2610002 2610000 2610001 1 1  2 1 1 1 1 1 2 1 2 1 2 1 
261 2610003 2610000 2610001 1 2  2 1 1 1 2 1 2 1 1 1 2 1 
262 2620000 0 0 1 1  2 2 2 2 2 1 1 1 2 1 2 2 
262 2620001 0 0 2 1  2 1 2 2 2 1 2 2 2 2 2 2 
262 2620002 2620000 2620001 1 2  2 1 2 2 2 1 2 1 2 2 2 2 
262 2620003 2620000 2620001 1 1  2 1 2 2 1 1 2 1 2 1 2 2 
263 2630000 0 0 1 2  2 2 2 1 2 2 2 1 2 2 2 2 
263 2630001 0 0 2 2  2 2 2 1 2 1 2 1 2 1 2 2 
263 2630002 2630000 2630001 1 2  2 2 2 1 2 1 2 2 2 2 2 2 
263 2630003 2630000 2630001 1 1  2 2 2 2 2 2 2 1 2 1 2 2 
264 2640000 0 0 1 2  2 2 2 2 2 2 2 2 2 2 2 1 
264 2640001 0 0 2 2  2 2 2 1 2 1 2 1 2 2 2 2 
264 2640002 2640000 2640001 1 2  2 2 2 2 2 1 2 1 2 2 2 1 
264 2640003 2640000 2640001 1 1  2 2 2 1 2 1 2 2 2 2 2 2 
265 2650000 0 0 1 2  2 1 2 2 2 2 1 1 2 2 2 1 
265 2650001 0 0 2 2  1 1 2 2 2 2 2 1 2 1 2 1 
265 2650002 2650000 2650001 1 2  1 1 2 2 2 2 2 1 2 2 2 1 
265 2650003 2650000 2650001 1 1  1 1 2 2 2 2 2 1 2 2 1 1 
266 2660000 0 0 1 2  1 1 2 1 2 1 2 2 2 2 2 2 
266 2660001 0 0 2 2  2 1 2 2 2 2 2 1 2 1 2 2 
266 2660002 2660000 2660001 1 1  1 1 2 2 2 2 2 2 2 2 2 2 
266 2660003 2660000 2660001 1 2  2 1 2 1 2 2 2 1 2 2 2 2 
267 2670000 0 0 1 1  2 1 2 1 2 2 2 2 2 1 2 2 
267 2670001 0 0 2 1  2 2 2 2 2 1 2 2 2 1 1 1 
267 2670002 2670000 2670001 1 2  2 1 2 1 2 2 2 2 2 1 2 1 
267 2670003 2670000 2670001 1 1  2 1 2 1 2 1 2 2 2 2 2 1 
268 2680000 0 0 1 2  2 2 2 1 2 2 2 1 2 2 2 2 
268 2680001 0 0 2 2  2 1 2 2 2 2 2 1 2 1 2 2 
268 2680002 2680000 2680001 1 2  2 1 2 2 2 2 1 1 2 1 2 2 
268 2680003 2680000 2680001 1 1  2 1 2 1 2 2 2 1 2 1 2 2 
269 2690000 0 0 1 2  2 2 2 1 2 2 2 2 2 1 2 2 
269 2690001 0 0 2 2  2 2 2 2 2 2 2 2 1 1 2 1 
269 2690002 2690000 2690001 1 1  2 2 2 2 2 2 2 2 2 1 2 2 
269 2690003 2690000 2690001 1 2  2 2 2 2 2 2 2 2 1 1 2 1 
270 2700000 0 0 1 1  2 1 2 1 2 2 2 2 2 2 2 2 
270 2700001 0 0 2 1  2 1 1 1 1 1 1 1 2 1 2 1 
270 2700002 2700000 2700001 1 2  2 1 1 1 2 1 2 1 2 2 2 2 
270 2700003 2700000 2700001 1 1  2 2 2 1 2 1 2 1 2 1 2 2 
271 2710000 0 0 1 1  2 2 2 1 2 1 1 1 2 1 2 2 
271 2710001 0 0 2 1  2 1 2 1 2 2 2 2 2 2 2 1 
271 2710002 2710000 2710001 1 2  2 2 2 1 2 2 2 1 2 2 2 1 
271 2710003 2710000 2710001 1 1  2 1 1 1 2 2 2 1 2 2 2 2 
272 2720000 0 0 1 2  2 1 2 2 2 1 1 1 2 2 2 1 
272 2720001 0 0 2 2  2 1 2 1 2 2 2 1 2 2 2 2 
272 2720002 2720000 2720001 1 1  2 1 2 2 2 2 2 1 2 2 2 2 
272 2720003 2720000 2720001 1 2  2 1 2 2 2 2 1 1 2 2 2 2 
273 2730000 0 0 1 1  2 2 2 1 2 1 1 1 2 2 2 1 
273 2730001 0 0 2 1  2 2 2 1 1 1 2 2 2 2 2 2 
273 2730002 2730000 2730001 1 1  2 2 2 1 2 1 2 1 2 2 2 2 
273 2730003 2730000 2730001 1 2  2 2 2 1 2 1 2 1 2 2 2 2 
274 2740000 0 0 1 2  2 2 2 2 2 1 2 2 2 1 2 1 
274 2740001 0 0 2 1  2 2 2 1 2 1 2 2 2 1 2 2 
274 2740002 2740000 2740001 1 2  2 2 2 1 2 2 2 2 2 2 2 2 
274 2740003 2740000 2740001 1 1  2 2 2 2 2 1 2 2 2 1 2 1 
275 2750000 0 0 1 1  2 2 2 1 2 2 1 1 2 1 2 2 
275 2750001 0 0 2 1  2 2 2 2 2 1 2 2 2 1 2 2 
275 2750002 2750000 2750001 1 2  2 2 2 1 2 2 2 1 2 2 2 2 
275 2750003 2750000 2750001 1 1  2 2 2 1 2 2 2 1 2 1 2 2 
276 2760000 0 0 1 2  2 2 1 1 2 1 2 2 2 2 2 2 
276 2760001 0 0 2 2  2 2 1 1 2 1 2 2 2 1 2 1 
276 2760002 2760000 2760001 1 2  2 2 1 1 2 1 2 2 2 1 2 1 
276 2760003 2760000 2760001 1 1  2 2 1 1 2 1 2 2 2 1 2 1 
277 2770000 0 0 1 2  2 1 2 2 2 1 2 2 2 1 2 2 
277 2770001 0 0 2 2  2 2 2 1 1 1 1 1 2 1 2 2 
277 2770002 2770000 2770001 1 1  2 2 2 1 1 1 2 1 1 1 2 2 
277 2770003 2770000 2770001 1 2  2 1 2 1 1 1 2 1 1 1 2 2 
278 2780000 0 0 1 1  2 1 2 1 2 1 2 2 2 2 2 2 
278 2780001 0 0 2 1  2 1 2 2 2 1 2 2 2 1 2 1 
278 2780002 2780000 2780001 1 1  2 1 2 1 2 2 2 2 2 2 2 1 
278 2780003 2780000 2780001 1 2  2 1 2 1 2 2 2 2 2 2 2 1 
279 2790000 0 0 1 1  2 1 2 1 2 2 2 1 2 1 2 2 
279 2790001 0 0 2 2  2 2 2 1 2 1 2 2 2 2 2 2 
279 2790002 2790000 2790001 1 1  2 2 2 1 2 1 2 1 2 1 2 2 
279 2790003 2790000 2790001 1 2  2 2 1 1 2 2 2 1 2 2 2 2 
280 2800000 0 0 1 2  2 2 2 2 2 1 2 2 2 2 2 1 
280 2800001 0 0 2 2  2 1 2 2 2 1 2 2 2 1 2 1 
280 2800002 2800000 2800001 1 2  2 1 2 2 2 1 2 2 2 2 2 1 
280 2800003 2800000 2800001 1 1  2 2 2 2 2 2 2 2 2 1 2 2 
281 2810000 0 0 1 2  2 2 2 1 2 2 1 1 2 1 2 2 
281 2810001 0 0 2 2  2 1 2 2 2 2 2 2 2 1 1 1 
281 2810002 2810000 2810001 1 2  2 1 2 1 2 2 2 1 2 2 2 1 
281 2810003 2810000 2810001 1 1  2 2 2 2 2 2 2 1 2 1 2 1 
282 2820000 0 0 1 1  2 1 2 1 2 1 2 2 2 2 2 2 
282 2820001 0 0 2 2  2 1 2 2 2 1 2 2 2 2 2 1 
282 2820002 2820000 2820001 1 1  2 1 2 2 2 1 2 2 2 2 2 2 
282 2820003 2820000 2820001 1 2  1 1 2 2 2 1 2 2 2 2 2 2 
283 2830000 0 0 1 1  2 2 2 1 2 2 2 2 2 1 2 2 
283 2830001 0 0 2 2  2 1 2 2 1 1 2 2 2 2 2 1 
283 2830002 2830000 2830001 1 1  2 1 2 2 2 1 2 2 2 1 2 1 
283 2830003 2830000 2830001 1 2  2 2 2 1 2 1 2 2 2 1 2 2 
284 2840000 0 0 1 2  2 2 2 1 2 1 2 1 2 1 2 1 
284 2840001 0 0 2 2  2 2 2 2 1 1 2 2 2 1 2 2 
284 2840002 2840000 2840001 1 1  2 2 2 2 2 1 2 2 1 1 2 2 
284 2840003 2840000 2840001 1 2  2 2 2 1 2 1 2 1 2 1 2 2 
285 2850000 0 0 1 1  2 1 2 2 2 1 2 2 2 1 2 2 
285 2850001 0 0 2 1  2 2 2 2 2 2 2 1 2 2 2 1 
285 2850002 2850000 2850001 1 2  2 1 2 2 2 2 2 2 2 2 2 2 
285 2850003 2850000 2850001 1 1  2 1 2 2 2 1 2 1 2 1 2 1 
286 2860000 0 0 1 2  2 2 1 1 1 1 2 1 2 2 1 1 
286 2860001 0 0 2 2  2 1 2 1 2 2 2 2 2 1 2 2 
286 2860002 2860000 2860001 1 2  2 1 2 1 2 1 2 2 2 1 2 1 
286 2860003 2860000 2860001 1 1  2 2 1 1 2 1 2 1 2 1 2 1 
287 2870000 0 0 1 1  2 1 2 2 2 1 1 1 2 2 2 1 
287 2870001 0 0 2 1  1 1 2 1 2 2 2 2 2 2 2 1 
287 2870002 2870000 2870001 1 2  2 1 2 2 2 1 2 1 2 2 2 2 
287 2870003 2870000 2870001 1 1  1 1 2 2 2 1 2 1 2 2 2 1 
288 2880000 0 0 1 1  2 2 1 1 2 1 2 2 2 1 2 2 
288 2880001 0 0 2 2  2 2 2 2 2 1 2 2 2 2 2 2 
288 2880002 2880000 2880001 1 1  2 2 2 1 2 2 2 2 2 1 2 2 
288 2880003 2880000 2880001 1 2  2 2 2 1 2 1 2 2 2 1 2 2 
289 2890000 0 0 1 2  2 2 2 2 2 2 2 2 2 2 2 1 
289 2890001 0 0 2 2  2 1 2 1 2 2 2 2 1 1 2 2 
289 2890002 2890000 2890001 1 1  2 2 2 2 2 2 2 2 2 1 2 1 
289 2890003 2890000 2890001 1 2  2 2 2 2 2 2 2 2 2 1 2 1 
290 2900000 0 0 1 2  2 2 2 2 1 1 2 2 2 1 2 1 
290 2900001 0 0 2 2  2 2 2 2 2 1 2 2 2 1 1 1 
290 2900002 2900000 2900001 1 2  2 2 2 2 2 1 2 2 1 1 2 1 
290 2900003 2900000 2900001 1 1  2 2 2 2 1 1 2 2 1 1 1 1 
291 2910000 0 0 1 1  2 2 2 2 2 1 2 1 1 1 2 2 
291 2910001 0 0 2 2  2 2 2 1 2 1 2 1 2 1 2 2 
291 2910002 2910000 2910001 1 2  2 2 2 2 2 1 2 1 2 1 2 2 
291 2910003 2910000 2910001 1 1  2 2 2 1 2 2 2 1 1 1 2 2 
292 2920000 0 0 1 2  2 2 2 2 1 1 2 2 2 1 2 1 
292 2920001 0 0 2 1  2 1 2 1 2 2 2 1 2 2 2 2 
292 2920002 2920000 2920001 1 1  2 2 2 1 2 1 2 1 2 1 2 2 
292 2920003 2920000 2920001 1 2  2 2 2 1 2 1 2 1 2 2 2 1 
293 2930000 0 0 1 2  2 2 2 1 2 1 2 2 2 2 2 2 
293 2930001 0 0 2 1  2 2 2 2 2 2 2 1 2 1 2 2 
293 2930002 2930000 2930001 1 1  2 2 2 2 2 1 2 2 2 1 2 2 
293 2930003 2930000 2930001 1 2  2 2 2 2 2 1 2 2 2 2 2 2 
294 2940000 0 0 1 2  2 2 2 1 2 1 2 1 2 2 2 1 
294 2940001 0 0 2 1  2 2 2 2 1 1 2 1 2 2 2 2 
294 2940002 2940000 2940001 1 2  2 2 2 1 2 1 2 2 2 2 2 1 
294 2940003 2940000 2940001 1 1  2 2 2 2 2 1 2 1 2 2 2 2 
295 2950000 0 0 1 2  2 2 2 2 2 1 2 1 2 1 2 2 
295 2950001 0 0 2 2  1 1 2 2 2 2 2 2 2 1 2 2 
295 2950002 2950000 2950001 1 1  2 1 2 2 2 2 2 1 2 1 2 2 
295 2950003 2950000 2950001 1 2  2 1 2 2 2 1 2 2 2 1 2 2 
296 2960000 0 0 1 2  1 1 2 1 2 1 2 1 1 1 2 1 
296 2960001 0 0 2 2  2 1 2 1 2 2 2 1 2 2 2 1 
296 2960002 2960000 2960001 1 1  1 1 2 2 2 1 2 2 2 1 2 1 
296 2960003 2960000 2960001 1 2  1 1 1 1 2 2 2 1 2 1 2 1 
297 2970000 0 0 1 1  2 2 2 1 2 2 2 2 2 1 2 2 
297 2970001 0 0 2 1  2 1 2 2 2 2 2 1 2 1 1 1 
297 2970002 2970000 2970001 1 2  2 2 2 1 2 2 2 2 2 2 2 1 
297 2970003 2970000 2970001 1 1  2 1 2 2 2 2 2 2 1 1 2 1 
298 2980000 0 0 1 2  1 1 2 2 1 1 2 2 2 2 2 1 
298 2980001 0 0 2 2  2 1 2 2 2 2 2 1 1 1 2 2 
298 2980002 2980000 2980001 1 2  2 1 2 2 2 1 2 2 2 1 2 1 
298 2980003 2980000 2980001 1 1  2 1 2 2 2 1 2 2 2 1 2 2 
299 2990000 0 0 1 1  2 1 2 2 2 2 2 2 2 2 2 1 
299 2990001 0 0 2 2  2 2 2 2 2 2 2 1 2 1 2 2 
299 2990002 2990000 2990001 1 2  2 2 2 2 2 2 2 2 2 1 2 1 
299 2990003 2990000 2990001 1 1  2 2 2 2 2 2 2 2 2 2 2 1 
300 3000000 0 0 1 1  2 1 2 2 2 1 2 2 2 1 2 1 
300 3000001 0 0 2 2  2 1 2 1 2 2 2 1 2 1 2 2 
300 3000002 3000000 3000001 1 1  2 2 2 1 2 1 2 1 2 1 2 1 
300 3000003 3000000 3000001 1 2  1 1 2 2 2 2 2 2 2 1 2 2 
301 3010003 0 0 1 2  2 2 2 2 2 2 1 1 2 2 2 1 
302 3020003 0 0 1 2  2 1 2 1 2 2 1 1 2 2 2 1 
303 3030003 0 0 1 2  2 1 2 2 2 2 2 2 2 2 2 1 
304 3040003 0 0 1 1  2 1 2 2 1 1 2 1 2 2 2 1 
305 3050003 0 0 1 1  2 1 2 2 2 2 2 1 2 1 2 2 
306 3060003 0 0 1 2  1 1 2 1 2 2 2 2 2 1 2 2 
307 3070003 0 0 1 1  2 2 2 1 2 1 2 2 2 1 2 2 
308 3080003 0 0 1 1  2 1 2 2 2 2 2 2 2 2 2 2 
309 3090003 0 0 1 1  2 2 2 1 2 1 2 2 2 2 1 1 
310 3100003 0 0 1 2  2 1 2 2 2 2 2 2 2 2 2 2 
311 3110003 0 0 1 1  2 2 2 2 2 1 2 1 2 1 2 2 
312 3120003 0 0 1 2  2 2 2 2 2 2 2 2 2 2 2 2 
313 3130003 0 0 1 2  2 2 2 2 2 2 2 2 1 1 2 2 
314 3140003 0 0 1 1  2 1 2 1 2 1 1 1 2 2 1 1 
315 3150003 0 0 1 2  2 2 2 2 2 1 1 1 2 2 2 2 
316 3160003 0 0 1 1  2 2 1 1 2 2 2 1 2 1 1 1 
317 3170003 0 0 1 1  2 2 1 1 2 2 2 2 2 1 2 1 
318 3180003 0 0 1 2  2 2 2 1 2 1 2 2 1 1 2 1 
319 3190003 0 0 1 1  2 1 2 1 2 2 2 2 2 2 2 2 
320 3200003 0 0 1 2  2 1 2 2 2 1 2 1 2 2 1 1 
321 3210003 0 0 1 2  2 1 1 1 2 2 2 1 1 1 2 1 
322 3220003 0 0 1 1  2 2 2 2 2 2 2 1 2 2 2 2 
323 3230003 0 0 1 1  2 1 2 2 2 1 2 2 2 2 2 1 
324 3240003 0 0 1 1  2 1 2 1 1 1 2 1 2 2 2 1 
325 3250003 0 0 1 2  2 2 2 2 2 1 2 2 2 2 2 1 
326 3260003 0 0 1 2  2 1 2 2 1 1 2 2 2 2 2 1 
327 3270003 0 0 1 1  2 1 2 2 1 1 2 2 1 1 1 1 
328 3280003 0 0 1 1  2 2 2 2 2 2 2 2 2 2 2 2 
329 3290003 0 0 1 1  2 1 2 1 2 2 2 2 2 1 1 1 
330 3300003 0 0 1 2  2 2 2 1 2 1 2 1 2 1 2 1 
331 3310003 0 0 1 2  2 1 1 1 2 1 2 2 2 2 1 1 
332 3320003 0 0 1 1  1 1 2 1 2 1 2 2 2 1 2 1 
333 3330003 0 0 1 1  2 2 2 2 2 1 1 1 2 2 2 2 
334 3340003 0 0 1 2  2 2 1 1 2 1 2 1 2 2 2 1 
335 3350003 0 0 1 2  2 2 2 1 2 1 2 1 2 2 2 2 
336 3360003 0 0 1 2  2 2 1 1 2 1 1 1 2 1 2 1 
337 3370003 0 0 1 2  2 1 2 2 2 1 2 2 2 1 2 2 
338 3380003 0 0 1 2  2 1 2 2 2 2 2 2 2 1 2 2 
339 3390003 0 0 1 2  2 1 2 1 1 1 2 2 2 2 1 1 
340 3400003 0 0 1 1  2 1 1 1 2 2 2 2 2 2 2 1 
341 3410003 0 0 1 1  1 1 2 2 2 1 2 1 2 2 2 1 
342 3420003 0 0 1 1  2 2 2 1 2 1 2 2 2 2 2 2 
343 3430003 0 0 1 1  1 1 2 2 2 1 1 1 2 1 2 2 
344 3440003 0 0 1 2  1 1 1 1 2 1 2 1 2 1 2 2 
345 3450003 0 0 1 2  2 1 2 1 2 1 2 2 2 1 2 2 
346 3460003 0 0 1 2  2 1 2 1 2 2 2 1 2 1 1 1 
347 3470003 0 0 1 2  2 2 2 2 2 2 2 1 2 2 2 2 
348 3480003 0 0 1 1  2 2 2 1 2 1 2 2 2 2 2 1 
349 3490003 0 0 1 1  2 2 2 1 2 2 2 2 2 2 2 2 
350 3500003 0 0 1 2  2 1 2 2 2 2 2 2 2 1 2 1 
351 3510003 0 0 1 1  2 1 2 2 1 1 2 2 2 2 2 1 
352 3520003 0 0 1 2  2 2 2 1 2 2 2 1 2 1 2 2 
353 3530003 0 0 1 2  1 1 2 2 2 1 2 2 2 2 2 1 
354 3540003 0 0 1 1  2 1 2 1 2 1 2 2 2 2 2 2 
355 3550003 0 0 1 2  2 2 2 2 2 2 2 1 2 2 2 1 
356 3560003 0 0 1 2  2 1 2 2 2 1 2 2 2 1 2 1 
357 3570003 0 0 1 2  2 1 1 1 2 2 2 1 2 2 2 2 
358 3580003 0 0 1 2  2 2 2 1 2 2 2 1 2 2 2 2 
359 3590003 0 0 1 2  2 1 2 2 2 1 2 1 1 1 2 1 
360 3600003 0 0 1 1  1 1 2 2 2 1 2 1 2 1 2 2 
361 3610003 0 0 1 2  1 1 2 1 2 1 2 2 2 1 2 2 
362 3620003 0 0 1 2  2 1 2 2 2 1 2 1 2 2 2 2 
363 3630003 0 0 1 1  2 1 2 1 2 1 2 1 2 2 2 1 
364 3640003 0 0 1 2  2 1 2 2 2 2 2 2 2 1 2 2 
365 3650003 0 0 1 1  2 2 2 2 2 2 1 1 2 1 2 1 
366 3660003 0 0 1 1  2 1 2 1 2 2 2 2 2 2 2 2 
367 3670003 0 0 1 2  2 2 2 2 2 2 2 1 2 1 2 1 
368 3680003 0 0 1 1  2 1 2 1 2 1 2 2 2 2 1 1 
369 3690003 0 0 1 2  2 2 2 1 2 1 2 1 2 1 1 1 
370 3700003 0 0 1 2  2 2 2 2 2 1 2 1 2 2 2 2 
371 3710003 0 0 1 2  2 2 2 1 2 1 2 1 2 1 2 1 
372 3720003 0 0 1 1  2 1 2 2 2 1 2 1 2 2 2 1 
373 3730003 0 0 1 1  2 1 2 2 2 2 2 1 2 2 2 1 
374 3740003 0 0 1 2  2 1 2 1 2 1 2 2 2 1 2 1 
375 3750003 0 0 1 1  2 1 2 1 1 1 2 2 2 1 2 1 
376 3760003 0 0 1 2  2 2 2 1 2 2 2 2 1 1 2 2 
377 3770003 0 0 1 1  2 1 2 1 2 1 2 2 2 2 2 1 
378 3780003 0 0 1 1  2 1 2 1 2 2 2 2 2 2 2 1 
379 3790003 0 0 1 1  2 2 2 1 2 1 2 1 2 1 2 1 
380 3800003 0 0 1 1  2 1 2 2 2 1 2 2 2 1 2 1 
381 3810003 0 0 1 2  2 1 2 1 2 2 2 1 2 1 2 1 
382 3820003 0 0 1 2  1 1 2 2 2 2 2 1 2 1 2 2 
383 3830003 0 0 1 2  2 1 2 2 2 2 2 2 2 1 2 1 
384 3840003 0 0 1 2  2 2 2 2 2 1 2 1 2 2 2 1 
385 3850003 0 0 1 1  2 1 2 2 2 2 2 1 2 1 2 1 
386 3860003 0 0 1 1  2 2 2 2 2 2 2 2 2 2 2 1 
387 3870003 0 0 1 2  2 2 2 2 1 1 2 2 2 2 1 1 
388 3880003 0 0 1 1  2 2 2 2 2 1 2 1 2 1 2 2 
389 3890003 0 0 1 1  2 1 2 2 2 1 2 2 2 2 2 1 
390 3900003 0 0 1 1  2 1 2 1 2 2 2 2 2 2 2 1 
391 3910003 0 0 1 1  2 2 2 1 1 1 2 2 2 1 2 2 
392 3920003 0 0 1 1  2 1 2 2 2 2 2 1 2 1 2 1 
393 3930003 0 0 1 1  2 1 1 1 2 2 2 2 2 2 1 1 
394 3940003 0 0 1 2  2 2 1 1 2 2 2 1 2 2 2 1 
395 3950003 0 0 1 2  2 2 2 2 2 2 2 1 2 1 2 1 
396 3960003 0 0 1 2  2 1 2 2 2 2 2 2 2 2 2 2 
397 3970003 0 0 1 1  2 1 2 2 2 1 2 2 1 1 2 1 
398 3980003 0 0 1 1  1 1 1 1 2 2 2 1 2 1 2 1 
399 3990003 0 0 1 1  2 2 2 1 2 2 2 2 2 2 2 1 
400 4000003 0 0 1 1  2 1 2 1 2 1 2 1 2 1 2 1 
