0.5293166099319744
0.5310405774098926
0.5320383979586539
0.5330980403972322
0.5341436856468115
0.5342790037613309
0.5358083755999687
0.5360058821456405
0.5362213028549121
0.5382991014069797
0.5383520381720603
0.5383892011411618
0.5390524711971496
0.539102258519119
0.5391024010575057
0.5394793549550662
0.5421781701085593
0.5421900795969853
0.5425005959765942
0.5428918806100017
0.5434944534198839
0.5437318093478776
0.5438245007417387
0.5439382209792797
0.545104361998429
0.5451907668296062
0.5452482200212302
0.545695793064275
0.5457216990357128
0.5457598951591596
0.546192414929093
0.5463775045935483
0.5463866590501912
0.5468881788253631
0.5469682068630186
0.5471416610112568
0.5471755316996453
0.5475840963551025
0.5483895873397544
0.5484572980120399
0.5487688333037141
0.5489643025360887
0.549231975752109
0.550019379074847
0.5502873381629328
0.5503516491827286
0.550641250647908
0.5512415723160077
0.5528378361215557
0.5530527440147662
0.5531766518845674
0.5533949543088807
0.5536561031468296
0.5542621627940214
0.5543661632835177
0.5574331582389661
0.5574869000921306
0.5575057657036653
0.5578698466054427
0.5579394132205059
0.5585760302883545
0.5595070821677786
0.559510564226558
0.5596467812598463
0.5598775007786388
0.5603684048543096
0.5605466688947989
0.5605677961643576
0.5611729693761243
0.5620616024549636
0.5623500346103941
0.5624224862339877
0.5624362794519926
0.5630132945386012
0.5630475066314486
0.5648517556384467
0.5653689719706939
0.5657765024250581
0.5663073905025714
0.5672209595371835
0.5683240810054061
0.5684216983946406
0.5687198272123084
0.5696463003335049
0.5706356618178453
0.5715688954569951
0.5721671516210028
0.5729441161429919
0.5758890291700541
0.5763341233919329
0.5782198347826341
0.5785336619924669
0.5794602957862329
0.5798574514076146
0.5809099350650407
0.585876636347096
0.58703318219614
0.5915681645057866
0.5931410830716403
0.5990699424605042
