rs17184416	rs17178028	rs2267635	class
11	22	44	1
11	22	44	0
11	22	44	0
11	22	44	1
11	22	44	1
11	22	44	0
11	22	44	1
11	22	44	0
11	22	44	1
11	22	44	0
11	22	44	1
11	22	44	0
11	22	44	1
11	22	44	0
11	22	44	1
11	22	44	0
11	22	44	1
11	22	44	0
11	22	44	1
11	22	44	0
11	22	44	1
11	22	44	0
11	22	44	1
11	22	44	0
11	22	44	1
11	22	44	0
11	22	44	1
11	22	44	0
11	22	44	1
11	22	44	0
11	22	44	1
11	22	44	0
11	22	44	1
11	22	44	0
11	22	44	1
11	22	44	0
11	22	44	1
11	22	44	0
11	22	44	1
11	22	44	0
11	22	44	1
13	22	44	0
13	22	44	1
11	22	44	0
11	22	44	1
13	22	44	0
11	22	44	1
11	22	44	0
11	22	44	1
11	22	44	0
11	22	44	1
11	22	44	0
11	22	44	1
11	22	44	0
11	22	44	1
11	22	44	0
13	22	44	1
13	22	44	0
13	22	44	1
13	22	44	0
11	22	44	1
11	22	44	0
11	22	44	0
11	22	44	1
13	22	44	1
11	22	44	0
11	22	44	1
13	22	44	0
13	22	44	1
13	22	44	0
13	22	44	1
13	22	44	0
13	22	44	1
13	22	44	0
13	22	44	0
13	22	44	1
13	22	44	1
13	22	44	0
11	22	44	1
11	22	44	0
13	22	44	1
11	22	44	0
11	22	44	1
13	22	44	0
13	22	44	1
13	22	44	0
13	22	44	0
13	22	44	1
13	22	44	1
13	22	44	0
11	22	44	1
11	22	44	0
11	22	44	0
11	22	44	1
11	22	44	1
11	23	24	0
11	22	44	1
11	23	24	0
11	23	24	1
11	22	44	0
