1 1 0 0 0 0 1 1 1 1 1 11.317595239971396
1 1 1 0 0 0 0 0 0 0 0 14.254751540657836
1 1 1 1 1 0 0 0 0 1 1 13.883701411676235
1 0 0 0 0 0 0 0 1 0 0 10.287524761218386
0 0 0 0 0 0 0 0 0 0 0 11.35253194529538
1 1 1 1 1 1 1 1 0 0 0 16.83542921113913
1 1 1 1 1 1 1 1 1 1 1 15.067336085840566
0 0 0 0 1 1 1 0 0 0 0 9.362320487625746
1 1 1 1 1 0 0 0 0 0 0 15.32547962099453
0 0 0 0 0 0 0 0 0 0 0 10.754144193919716
0 0 0 0 0 1 1 1 0 0 0 9.633842875374604
1 1 1 1 1 1 1 1 1 1 1 14.698165765489883
1 0 0 0 0 0 1 1 1 1 1 11.03622440327272
1 1 1 1 1 1 1 1 1 0 0 12.446161930370202
1 1 1 1 1 1 1 1 1 1 1 16.350225867221976
1 1 1 0 0 0 0 0 0 0 0 13.647800854124416
0 0 0 0 0 0 0 0 0 0 0 9.437649341656668
0 0 0 0 0 0 0 0 0 0 0 9.148720777512796
1 1 1 1 1 1 1 1 1 1 1 12.771936288328133
1 1 1 1 0 0 0 0 1 1 1 15.082654172849377
0 0 0 0 0 0 0 0 0 0 0 8.716136875914353
0 0 0 0 0 0 0 0 0 0 0 8.570557780453925
1 1 1 1 1 1 1 1 1 1 1 13.982480330857461
1 1 1 1 1 1 1 1 1 1 1 13.95787843656155
1 1 1 0 0 0 0 0 0 0 0 14.637875026557367
0 0 0 0 0 0 0 0 1 1 1 9.163214491921181
0 0 0 0 0 0 0 0 0 0 0 9.867570108122106
1 1 1 1 1 1 1 1 1 0 0 13.97985615476171
1 1 1 1 0 0 0 0 0 0 0 13.22065539366222
1 1 1 1 1 0 0 0 0 0 0 14.669453896414122
0 0 0 0 0 0 0 1 1 1 1 10.455863638741793
1 1 1 1 1 1 1 1 1 1 1 13.280262700334644
1 1 1 1 0 0 0 0 0 0 0 13.578594560914599
1 1 1 1 1 1 1 1 1 1 1 15.089103152107016
0 0 0 0 0 0 0 1 1 1 1 8.092035981877407
0 0 0 0 0 0 0 0 0 0 0 10.961928888148433
1 1 1 1 1 1 1 1 1 1 1 13.658818385030632
0 0 0 0 0 0 1 1 0 0 0 9.868739621105501
0 1 1 1 1 1 1 1 1 1 1 13.960018322792461
0 0 0 0 0 0 0 1 1 1 1 10.406672546662245
1 1 1 1 1 1 1 1 1 1 1 13.590450945543411
0 0 0 0 0 0 0 0 0 0 0 10.453817940600572
1 0 0 0 0 0 0 0 1 1 1 10.170834409392123
0 0 0 0 0 0 0 0 1 1 1 9.503411448811526
1 1 1 1 1 1 1 1 1 1 1 14.10589812806909
0 0 0 0 0 0 0 0 0 0 0 10.423878138556937
0 0 0 0 0 0 0 0 0 0 0 10.211288058724953
0 0 0 0 0 0 0 0 0 0 0 12.238817437438314
0 0 0 0 1 1 1 1 1 1 0 8.56899856743631
0 0 0 0 1 1 1 1 1 1 1 11.436564111351382
0 0 0 0 0 0 0 0 0 0 0 8.556985388342355
0 0 0 0 0 0 0 0 0 0 0 9.255679497725618
0 0 0 0 1 1 1 1 1 1 1 9.056083640932528
0 0 0 0 0 0 0 0 0 0 0 10.938214210407557
1 1 1 1 1 1 1 1 1 1 1 13.252960090017329
1 1 1 1 1 1 1 1 0 0 0 14.792556765740116
1 1 1 1 1 1 1 1 1 1 1 16.843988887299837
1 1 1 1 1 1 1 1 1 1 1 12.754966018517472
0 0 0 1 1 1 1 1 1 1 1 7.7587764835446835
0 0 0 0 0 0 0 0 0 1 1 8.705932145999572
0 0 0 0 0 0 0 0 0 0 0 11.563891085007006
0 0 0 0 0 0 0 0 0 0 0 11.413846757412319
0 0 0 1 1 1 0 0 0 0 0 10.750889861535873
0 0 0 0 0 0 0 0 0 0 0 9.744712362317813
1 1 1 1 1 1 1 1 1 1 1 11.919571720009731
0 0 0 0 0 0 0 0 0 0 0 8.739450909379519
0 0 0 0 0 0 0 0 0 0 0 10.229698444986377
1 1 1 1 1 1 1 1 1 1 1 14.808228586417103
1 1 1 1 1 1 1 1 1 1 1 13.620791201309524
1 1 1 1 0 0 0 0 0 0 0 13.16624647248882
1 1 1 1 1 1 1 1 1 1 1 13.080909538883137
1 1 1 1 1 1 1 1 1 1 1 13.10348942070505
1 1 1 1 1 1 1 1 1 1 1 14.431731405183928
0 0 0 0 0 0 0 0 0 1 1 11.52997943133515
0 0 0 0 0 0 0 0 0 1 1 9.131571826244583
1 1 1 1 1 1 1 1 1 1 0 14.66604071397818
0 0 0 0 1 1 1 1 1 1 1 9.087282287941465
0 1 1 1 0 0 0 0 0 0 0 14.589765137172595
0 0 1 1 1 1 1 1 1 1 1 15.343080391905808
1 1 0 0 0 0 0 0 0 0 0 10.323661304339424
0 0 0 0 1 1 1 0 0 0 0 9.436994002691629
0 0 0 0 0 0 0 0 1 1 1 8.67510463137993
0 0 0 0 0 0 0 0 0 1 1 10.697967837193389
1 1 0 0 1 1 0 0 0 0 0 11.397635507101192
1 1 1 1 1 1 1 1 1 1 0 13.206759343340035
0 0 0 0 0 0 0 0 0 0 0 9.777639248988816
0 1 1 1 1 1 1 1 1 1 1 14.293752082757832
0 1 1 1 1 1 1 1 1 1 1 11.946544302731349
1 1 1 1 1 1 1 1 1 1 1 15.046325431203915
0 0 0 1 1 1 1 0 1 1 1 11.012673296040086
1 1 1 1 1 1 1 1 1 1 0 14.649388062801991
1 1 1 0 0 1 1 1 1 1 1 11.188203466182909
0 0 0 0 0 0 0 0 0 0 0 8.141857072290218
0 1 1 1 1 1 1 1 1 1 0 13.790108722431668
0 0 0 1 1 1 1 1 1 1 1 11.255387710013004
0 0 0 0 0 0 0 0 0 0 0 9.324332150932662
0 0 1 1 0 0 0 0 0 1 1 12.259593416152345
1 1 1 1 1 1 1 0 0 0 0 13.33334006013179
0 0 0 0 0 0 0 0 0 0 0 10.03755296292771
1 1 1 1 1 1 1 1 0 0 0 13.45779257173562
1 1 1 1 1 1 1 1 1 1 1 15.848274508979856
1 1 1 1 1 1 1 0 0 0 0 14.755076177074146
0 0 0 0 0 0 1 1 1 1 0 9.107142074616872
1 1 1 1 1 1 1 1 1 1 1 13.787202440370315
0 1 1 1 0 1 1 1 0 0 0 14.873544618607417
0 0 0 1 1 1 1 1 0 0 0 9.599478773780872
0 0 1 0 0 0 0 1 1 1 1 11.050308213631713
1 1 0 0 1 1 1 1 1 1 1 9.20175031630176
0 0 0 0 0 0 0 0 0 0 0 9.513596309694487
1 1 1 1 1 1 1 1 1 0 0 11.833643569581456
0 0 0 0 1 1 1 1 1 1 1 9.120292943527426
1 1 1 1 1 1 1 1 1 0 0 14.719578585599265
1 1 1 1 1 1 1 1 1 1 1 15.046906141337917
0 0 0 1 1 1 0 0 1 1 0 8.95320866273847
1 0 0 0 0 0 0 0 0 0 0 11.112813071940739
1 1 1 0 0 0 0 0 0 1 1 10.311364653177883
1 0 0 0 0 0 0 0 0 0 0 10.857222544935443
0 0 0 0 1 1 1 1 1 1 0 9.37507181940963
1 1 1 1 1 0 0 0 0 0 0 13.361935024418662
1 1 1 1 1 1 1 1 1 1 0 13.867723364297762
0 0 0 0 0 0 0 0 0 0 0 9.718318376642701
1 1 1 1 1 1 1 1 1 1 0 14.31645855810186
0 0 0 0 0 0 0 0 0 0 0 10.209061950538914
0 0 0 0 0 0 0 0 0 0 0 10.253127977962178
0 0 0 0 0 0 0 0 0 0 1 9.7406828131132
1 1 1 1 1 1 1 1 1 1 1 14.049018451565706
0 0 0 0 0 0 0 0 1 1 1 11.107697551566083
1 1 1 1 1 1 1 1 1 1 1 13.793588688169194
0 0 1 0 0 0 1 1 1 1 1 9.89974352711011
0 0 0 0 0 0 0 0 0 0 0 8.252147129973764
1 0 1 1 1 1 0 0 0 0 0 11.806793351174624
0 0 0 0 0 0 0 0 0 0 0 9.235617719270557
1 1 1 1 1 1 1 1 1 1 1 12.896316988170991
0 0 0 0 1 1 1 1 0 0 0 9.414511333466953
1 1 1 1 1 1 1 1 0 0 0 14.196690110276277
0 0 0 1 1 0 0 0 0 0 0 13.248169805872182
0 0 0 0 1 1 1 1 1 1 1 8.406588059127117
1 1 1 1 1 0 0 1 1 1 1 12.879685845398358
0 0 0 0 0 0 0 0 0 0 0 9.600536013860145
1 1 1 1 1 1 1 1 1 1 1 14.782501043339476
1 1 1 1 1 1 1 0 1 1 1 14.73625544363227
1 1 1 1 1 1 1 1 1 1 1 14.73167306621492
1 1 1 1 1 1 0 0 0 0 0 14.127393381312112
0 0 1 1 1 1 1 1 1 1 1 15.683622726253866
0 0 0 0 0 1 1 1 1 1 1 10.043388955239202
0 0 0 0 0 0 0 0 0 0 0 13.059894722817454
1 1 0 0 0 0 0 0 0 0 0 9.47868488866921
1 1 1 1 1 0 0 0 0 0 0 14.224032174878467
1 1 1 1 1 1 1 1 1 1 1 13.476861612806946
1 1 1 1 1 0 0 0 0 0 0 14.56424337398991
1 1 1 1 1 1 1 1 0 0 0 13.986729653810999
0 0 0 0 0 0 0 0 0 0 0 11.196986343397441
0 0 0 0 0 1 1 1 1 1 1 9.311907180467342
0 0 1 1 1 1 1 1 1 1 1 13.111578505209156
1 1 1 1 0 1 1 1 1 1 1 14.282614006030318
0 0 0 0 0 0 1 1 1 1 1 9.148900263548027
1 1 1 1 1 1 1 1 1 1 1 14.092663006481725
0 0 0 0 0 0 0 0 0 1 1 10.888957414680263
1 1 0 0 0 0 0 1 1 1 1 9.63168514043544
0 0 0 0 0 1 0 1 1 1 1 8.157950170647085
1 0 0 0 0 0 0 0 0 0 0 10.99821491202101
0 0 1 1 1 1 1 1 1 1 1 12.163447615744246
0 0 0 0 0 0 0 0 0 0 0 12.1084731815487
1 1 1 1 1 1 1 0 0 0 0 13.63503633691899
1 1 1 1 1 1 1 1 1 1 1 13.952550867378532
0 0 1 1 1 1 1 1 1 1 1 15.924954712080206
1 1 1 0 0 0 0 0 0 0 0 9.217332579667362
0 0 0 0 1 1 1 1 1 1 1 10.412877140871549
0 0 1 1 0 0 0 0 0 1 1 12.701489247216207
0 0 1 1 1 1 1 1 0 0 0 13.568094381062112
1 1 1 1 1 1 1 1 1 1 1 12.267058473213726
0 0 0 1 1 1 1 1 0 0 0 13.628195803561647
0 0 0 0 0 0 0 0 0 0 0 9.95430188437696
1 1 1 1 1 0 0 0 0 0 0 15.239800707642834
1 1 1 1 1 1 1 1 1 1 1 14.450862759245034
0 0 0 0 0 0 0 0 0 0 0 9.621438223662
0 1 1 1 1 1 1 1 1 1 1 12.834532403361113
0 0 0 0 0 0 0 0 0 0 0 10.349420822321333
0 0 0 1 1 1 1 1 1 1 1 9.635903875676096
0 0 1 1 1 1 1 1 1 1 1 15.370551093247887
0 0 0 1 1 1 1 1 1 1 1 7.575516622677468
1 1 0 0 0 0 0 0 1 1 1 11.755133909878
0 0 1 1 0 0 0 0 0 0 0 14.254379779298853
1 1 0 0 0 0 1 1 1 1 1 9.501734442816755
0 0 0 0 0 0 0 0 0 0 0 9.291535898400888
1 1 1 1 1 1 1 0 1 1 1 14.882665863362611
0 0 0 0 0 0 0 0 1 1 1 11.185276844346427
0 0 0 0 0 0 0 0 0 0 0 9.393725312814176
1 1 1 1 1 1 1 1 1 1 1 15.185499816691088
1 1 1 1 1 1 1 1 1 1 0 14.680346476503667
1 1 1 1 1 0 0 0 0 0 0 13.438272510503884
0 0 0 0 0 0 0 0 0 0 1 7.716166878824954
1 1 1 1 1 1 1 1 1 1 1 13.742263754113997
0 0 0 0 0 0 0 0 0 0 0 9.830607559543694
0 0 0 0 0 0 0 0 1 1 1 10.386965794571235
0 0 0 0 0 0 0 0 0 0 0 8.68356925579952
1 1 1 1 1 1 1 1 1 1 1 13.540968424457835
1 1 1 1 1 1 1 1 1 1 1 14.819671230511345
0 0 0 0 1 1 1 1 1 1 1 10.657193097195256
0 0 0 0 0 1 1 1 1 1 1 10.311509426984685
0 0 1 1 1 1 1 1 1 1 0 15.239562101049865
1 1 1 0 0 0 0 0 0 0 0 9.41195130948118
1 1 1 1 1 1 1 1 1 1 1 14.805485231553748
0 0 0 0 0 0 0 0 0 0 0 10.944072029495258
1 1 1 0 1 1 1 1 1 1 1 10.315171366567816
0 0 0 0 0 0 0 0 0 0 0 9.97281827151544
0 0 1 1 1 1 1 1 1 0 0 15.180250649549425
0 0 0 0 0 0 0 0 0 0 0 10.072846816536888
1 1 1 1 1 0 0 0 0 0 0 12.455657709114785
1 1 1 1 1 1 1 1 1 1 1 12.472556999829285
1 1 1 1 1 1 1 1 1 1 1 12.920828398395406
0 0 0 0 0 0 0 0 0 0 0 8.099193138680786
1 1 1 1 1 1 1 1 1 1 1 13.616281358355463
0 0 0 0 0 0 0 0 0 0 0 8.311178959232887
1 1 1 1 1 1 1 1 1 1 0 13.946117611714351
1 1 1 1 1 1 1 1 1 1 1 13.129627747937196
0 0 0 0 0 0 1 0 1 1 1 10.858935218056816
0 0 0 0 1 1 1 1 1 0 0 9.157005114061533
1 1 1 1 1 1 0 0 0 0 0 14.29317714375667
0 0 0 0 0 0 0 0 0 0 1 9.782929072283565
1 1 1 0 0 0 0 1 1 1 1 13.933141686287877
1 1 0 0 0 0 0 0 0 0 0 9.365284248409605
0 0 0 0 0 0 0 0 0 0 0 8.652113981075061
0 0 0 0 0 1 0 1 1 1 1 9.103944513925537
1 1 1 0 0 0 0 0 0 1 1 14.133831836148756
1 1 1 1 1 1 1 1 1 1 1 14.306352215134675
1 1 1 1 1 1 1 1 1 1 1 13.797015007615212
0 0 0 0 0 0 0 0 0 0 0 8.846916300461363
1 1 1 1 1 1 1 1 1 1 1 14.842129810077864
0 1 1 1 1 1 1 1 1 1 1 13.963725773755122
1 1 1 1 1 1 1 1 0 1 1 13.586683024433132
0 0 0 1 1 1 1 1 1 1 1 14.057332433961175
1 1 1 1 1 1 1 1 1 1 1 12.107080963359202
0 0 1 1 1 1 1 0 0 0 0 13.479980637905284
1 1 1 1 1 1 1 1 1 1 1 12.632252378682846
1 1 1 1 1 0 0 0 0 0 0 15.155743723256252
0 0 0 0 0 0 0 0 0 0 0 8.450847798319401
1 1 0 0 0 0 1 1 1 1 1 10.967070562253864
0 0 0 0 0 0 0 0 0 0 0 8.742081658774067
1 0 0 0 0 0 0 0 0 0 1 8.178965929892806
1 1 1 1 1 0 1 1 1 1 0 13.562428058805544
1 1 1 1 1 0 1 1 1 1 1 13.158429934398482
1 1 1 1 1 1 1 1 0 0 0 13.686623559623005
0 0 0 1 0 0 0 0 0 0 0 9.480370922222844
0 1 1 1 1 1 1 1 1 1 1 12.97124700532115
0 0 1 0 0 0 0 0 0 0 0 9.309648728372006
0 0 0 0 0 0 0 0 0 0 0 8.971852537957792
0 1 1 1 1 1 1 1 1 1 1 13.66815271533244
1 1 1 1 1 1 1 1 1 0 0 12.82037857063209
1 1 1 1 1 1 1 1 0 0 0 14.766026899116621
1 1 1 1 1 1 1 0 0 0 1 12.322245254880041
1 0 0 0 0 0 0 0 0 1 1 9.957491497629094
0 0 0 0 0 1 1 1 1 1 1 11.843421592476012
0 0 0 0 0 0 0 0 0 0 0 11.014505600301785
0 0 0 0 0 0 0 0 0 0 0 11.571374742546094
0 0 0 0 0 0 0 0 0 0 0 9.841997543265133
0 0 0 0 0 0 0 0 0 0 0 9.458505372828863
1 1 1 0 0 0 0 0 0 1 1 14.345538994606345
0 0 0 0 1 1 1 0 0 0 0 9.250198232030703
1 1 1 1 1 1 1 1 1 1 1 14.941048547732576
1 1 1 1 1 1 1 1 1 1 1 14.624776545113257
0 0 0 0 0 0 0 0 0 0 0 8.184635231958028
1 0 0 0 0 0 0 0 1 1 1 11.28048876391627
0 0 0 0 0 0 0 0 0 0 0 10.894241201113537
1 1 1 1 1 1 0 0 0 0 1 13.770060813684475
1 1 1 1 1 1 1 1 1 1 1 15.025940599954048
1 1 1 1 1 1 1 1 1 1 1 15.04813051635266
1 1 1 1 1 1 1 1 1 1 1 14.25155525343672
0 0 0 0 0 0 0 0 1 1 1 9.327630987852608
1 1 1 1 1 1 1 1 1 1 1 14.712800465423316
1 1 1 1 1 1 1 1 1 1 1 14.627188497433345
1 1 1 1 1 1 1 1 1 1 1 12.84386683896731
0 0 0 0 0 1 1 1 1 1 1 10.482722346560765
0 0 0 0 0 1 1 1 1 1 1 11.400297160436176
1 1 1 1 1 1 1 1 1 1 1 12.008441001932745
0 0 0 0 0 0 1 1 1 0 0 10.07184972842336
1 1 1 1 1 1 1 1 1 1 1 14.995692709485201
0 0 0 0 0 0 0 0 0 0 0 11.278030697466948
1 1 1 1 1 1 1 1 1 1 1 13.143768251273977
1 0 0 0 0 0 0 0 0 0 1 10.44004348979064
0 1 1 1 1 1 1 1 1 1 1 14.945739740143749
0 0 0 0 0 0 0 0 1 0 0 9.380976171746141
1 0 0 0 0 0 0 0 0 0 0 9.87749557969377
1 1 1 1 1 1 0 0 0 0 0 14.594091017155403
1 1 1 1 1 1 1 1 1 1 1 14.402329567521956
0 0 0 0 0 0 0 0 1 1 1 8.461636164427826
1 1 1 1 1 1 1 1 1 1 1 12.572953208532478
1 1 1 1 1 1 1 1 1 1 1 14.689360205116829
0 0 0 0 0 1 1 1 1 1 1 9.673616368349759
1 1 1 1 1 1 1 1 1 1 1 13.370029920369033
1 1 1 1 1 1 1 0 0 0 0 14.313331485260914
0 0 0 0 0 0 0 0 0 0 0 9.881829002352731
1 1 1 1 1 1 1 1 1 1 1 14.481147521584841
1 0 0 0 0 0 0 0 0 0 0 7.69335113889568
0 1 1 1 1 1 1 1 1 1 1 14.62151262364466
1 0 0 0 0 0 0 0 0 1 1 10.708797003739797
1 1 1 1 1 1 1 1 1 1 1 13.719873455926445
1 1 1 1 1 1 1 0 0 0 0 13.654414911105517
1 1 1 1 0 0 0 0 0 0 0 13.929113791205321
0 0 0 0 0 0 0 1 1 1 1 7.8611332217106655
0 0 0 0 0 0 0 0 0 0 0 10.23317433593285
1 1 1 1 1 1 1 0 0 0 0 13.983693217345964
1 1 0 0 0 0 0 0 0 0 1 11.091004224086392
0 0 1 1 1 1 1 1 1 1 1 13.896111884703037
0 0 0 0 1 1 1 0 0 0 0 9.48460147949556
0 0 0 0 0 0 1 1 1 1 1 8.550051016589135
0 0 0 0 0 0 0 0 1 1 0 9.729831248729546
0 0 0 0 1 1 1 1 1 1 1 8.98707938904791
0 0 0 0 0 0 0 0 0 0 0 10.582299056740489
1 1 1 1 1 1 1 1 0 0 0 14.126657617737797
1 1 1 1 1 1 1 0 0 0 0 13.172010489762505
1 1 1 1 1 1 1 0 1 1 1 12.794578248394107
0 0 0 0 0 0 0 0 0 0 0 9.922688714224075
0 0 0 0 0 0 0 0 0 0 0 11.53898317865266
1 0 0 0 0 0 0 0 0 0 1 8.479565003185053
0 0 0 0 0 0 0 0 0 0 0 9.610906969336693
0 0 0 0 0 0 0 0 0 0 0 10.795859123406677
0 0 0 0 0 0 0 0 0 0 0 11.928332878499885
0 0 0 0 0 1 1 1 0 0 0 11.441455353684042
0 1 0 0 0 0 0 0 0 0 0 9.855494200563122
1 1 1 1 1 1 1 1 1 1 1 12.713717717262428
1 1 1 1 1 1 0 0 0 0 0 14.583125611779831
0 0 0 1 1 0 0 0 0 0 0 13.01159903969252
0 0 0 1 1 1 1 1 1 1 1 15.051854750120746
0 0 0 0 0 0 0 0 0 1 1 8.876884196972696
1 1 1 1 1 1 1 1 1 1 1 14.753548064808786
1 1 1 1 0 0 0 0 0 0 0 11.311014761114432
0 0 0 0 0 0 0 1 1 1 0 9.831604785006762
1 1 1 1 1 1 1 0 0 0 0 14.103807890284157
1 0 0 0 0 0 0 0 0 0 0 10.17591455445763
1 1 1 1 0 0 0 0 0 0 1 12.493216123348613
1 1 1 1 0 0 0 0 0 0 0 13.726856650531044
1 1 1 1 1 1 0 0 0 1 0 13.627453183669761
1 1 0 0 0 0 0 0 0 0 0 13.912827127899707
0 0 0 0 1 0 0 0 1 1 1 8.8085906760207
0 0 1 1 1 1 1 1 0 0 0 12.495709998078661
1 1 1 1 1 1 1 0 0 0 0 12.226753580657386
1 1 1 1 1 1 0 0 0 0 0 13.529231339062749
1 1 1 0 0 0 0 0 0 0 0 14.199999308538736
1 1 1 1 1 1 1 1 1 1 1 14.880026350514152
1 1 1 1 1 1 1 1 1 1 1 15.043004179174828
1 1 1 1 1 0 0 0 0 0 0 11.982467190805089
1 1 1 1 1 1 1 1 0 0 0 13.929501945609054
1 1 1 1 1 1 1 1 1 1 1 16.974003760395114
0 0 0 0 0 0 0 0 0 0 0 10.631679134627714
1 1 1 1 1 1 1 1 1 1 0 14.597378744623903
0 0 1 1 1 1 1 1 1 0 0 12.539026781787797
1 0 0 0 0 0 0 0 0 0 0 10.528892265009972
1 1 1 1 1 1 1 0 1 1 1 15.286173951775721
1 1 1 0 0 0 0 0 0 0 0 14.758888124770477
1 1 1 0 0 0 0 0 0 0 0 11.780155649543682
0 0 0 0 0 0 0 0 0 0 0 8.17263132190278
0 0 0 0 0 0 0 0 0 0 0 11.118526709592555
0 0 0 0 0 0 0 0 0 1 1 7.56014660578624
0 0 0 0 0 0 0 0 0 0 1 6.956197052236717
1 0 0 0 0 0 0 0 0 0 0 7.952023453428906
0 0 0 0 0 0 0 0 0 0 0 9.868589069233833
0 0 0 1 1 1 1 1 1 1 1 9.223419930907541
0 0 0 0 0 0 0 0 0 1 1 12.161399438394419
0 0 1 1 1 1 1 1 1 1 1 13.651260364944449
1 1 1 1 1 1 1 0 0 0 0 12.79715273075394
1 1 0 0 0 0 0 0 0 0 0 9.69244179871914
1 1 1 1 1 1 1 1 1 1 1 13.157638838326074
0 0 0 0 0 0 0 0 0 0 0 9.698593032242828
0 0 0 0 0 0 0 0 0 0 0 10.137290662942814
1 1 1 1 1 1 1 1 0 0 0 13.224016020860992
0 0 0 0 0 1 1 1 1 1 1 8.300879266878782
1 1 1 1 1 1 1 1 1 1 1 11.384833415237871
1 0 0 1 1 1 1 1 1 1 1 14.031659796174065
0 0 0 0 1 1 1 1 1 1 1 11.372077723179235
1 0 0 1 1 1 1 1 1 0 0 14.833431395646773
0 0 0 0 0 0 1 1 1 1 1 10.839760168994198
0 0 0 0 0 0 0 0 0 0 0 10.766630042488401
1 1 1 1 1 1 1 1 1 1 1 12.613748560457887
0 0 0 0 0 0 0 0 0 0 0 10.319211446028566
0 1 0 0 1 1 1 1 1 1 1 9.162972093583063
0 0 0 0 0 0 0 0 0 0 0 8.930708496691746
1 1 1 1 1 1 1 1 1 1 1 15.173840762952743
0 0 0 1 0 0 0 0 0 0 0 12.701969228029464
1 1 1 1 1 1 1 1 1 1 0 15.193706318128575
0 0 0 0 1 1 1 1 1 1 1 11.048343552953725
1 1 1 1 1 1 1 1 1 1 1 14.461733174339766
0 0 0 0 0 0 0 0 0 0 0 10.178494098341533
1 1 1 1 1 1 1 1 1 1 1 14.010670886160879
0 0 0 0 0 0 0 1 1 1 1 11.065258184510546
0 0 0 0 0 0 0 0 1 1 0 8.726326711632879
0 0 0 0 0 0 0 0 0 0 0 10.50243112805631
0 0 0 0 0 0 1 1 1 1 0 8.661327691732165
0 0 0 0 0 0 0 0 0 1 1 11.55853936117969
0 0 0 0 0 0 0 0 0 0 0 8.57898690985498
1 1 1 0 0 0 0 0 0 0 0 14.136303840300307
0 0 0 1 1 1 1 1 0 0 0 9.338497210549907
1 1 1 1 1 0 0 0 0 0 0 14.528742471760062
0 0 0 0 0 0 0 0 0 0 0 8.859959634202985
0 0 0 1 1 1 0 0 0 0 0 9.770083681441886
0 0 0 0 1 1 1 1 1 1 1 8.63539222383797
0 0 0 0 0 0 0 0 0 0 0 10.190432337428721
0 1 1 1 1 1 1 1 1 1 1 14.744934753176343
1 1 1 1 1 1 1 0 0 0 0 14.046431823900832
0 0 0 0 0 0 0 0 0 0 0 10.75658536001966
0 0 0 0 1 1 1 1 1 1 1 9.467643814881354
0 0 0 0 0 0 0 0 0 0 0 9.805215195486536
0 0 0 1 1 1 1 1 0 0 0 10.226068755223823
1 1 1 1 1 1 1 1 1 1 1 12.911934187099433
0 0 0 0 0 0 0 0 0 0 0 10.628765666380586
1 1 1 1 0 0 0 0 0 0 1 13.222815584344797
1 1 1 1 1 1 1 0 0 0 0 14.093994410503596
1 1 1 1 0 0 0 0 0 0 0 13.461768619312947
1 1 1 1 1 1 1 1 1 1 1 15.177550446775362
1 0 1 1 1 1 1 1 1 1 0 15.379830603762375
0 0 0 0 0 0 0 0 0 1 1 10.04656547492128
1 1 1 0 0 1 0 0 0 0 1 15.002121679425647
1 1 1 0 0 0 0 0 0 0 0 9.392268518414571
1 1 1 1 1 1 1 1 1 1 1 12.803249543411713
1 1 1 1 1 1 1 1 1 1 1 15.388876326680082
1 1 1 1 1 1 1 1 1 1 1 14.164111703224306
1 1 1 0 0 0 0 0 0 0 0 8.253968417701136
1 1 1 1 1 1 0 0 0 0 1 14.194524303650999
0 0 0 0 0 1 1 1 1 1 1 9.063249928343527
1 1 1 1 1 1 1 1 1 0 0 13.516741947885865
1 1 0 0 0 1 1 1 1 0 0 10.695494322354659
1 1 1 1 1 0 0 0 0 0 0 12.707315302804837
1 1 1 1 1 1 1 1 1 1 1 14.624900611544037
0 0 0 0 0 0 0 0 0 0 0 8.952659373807691
0 0 0 0 0 0 0 0 0 0 0 12.474801458976362
0 0 0 0 0 0 0 0 0 0 0 10.10120084368419
1 1 1 1 1 1 1 1 0 0 0 14.231810675902587
0 0 0 1 1 1 1 1 1 0 0 12.571556824013813
1 1 1 1 1 1 1 1 0 0 0 13.86244807033684
1 1 1 0 0 0 0 0 0 0 0 10.19376191801077
1 1 0 0 0 0 1 1 1 1 1 10.887353654867903
0 0 0 0 1 0 0 0 0 0 0 9.78805313869366
0 0 0 0 0 0 0 0 0 0 0 11.296109088573582
0 0 0 0 0 0 0 0 0 0 0 10.11115650705989
1 1 1 1 1 1 1 1 1 1 1 14.100242739726863
1 1 1 1 1 1 1 1 1 0 0 13.438390628012623
1 1 1 1 1 1 1 1 1 1 1 14.985998108742617
1 0 0 0 0 1 1 1 1 1 1 9.810944443078407
1 1 1 1 1 1 1 1 1 1 1 13.399639856252827
1 1 1 1 1 1 1 1 1 1 1 15.444051005514797
1 0 0 0 0 0 0 0 0 0 1 9.748128981331572
1 1 1 1 1 0 0 0 0 0 0 15.065067611405265
1 1 1 1 1 1 1 1 1 1 1 12.769184155500646
0 0 0 0 0 0 0 0 0 0 0 8.65704423139799
0 0 0 0 0 0 0 0 0 0 0 9.308668223009304
1 1 1 1 1 0 1 1 1 1 1 14.454407337068343
1 1 1 1 1 1 1 1 1 1 1 15.306995046006985
0 0 0 0 0 1 1 1 1 1 1 8.435757183970493
1 1 1 1 1 1 1 1 0 0 0 14.366030183607647
1 1 0 0 0 0 0 0 0 0 0 12.53843912132283
0 0 0 0 0 0 0 0 0 0 0 9.422585006087978
0 0 0 0 0 0 1 1 1 1 1 9.725002715373078
0 0 0 0 0 0 0 1 1 1 1 9.625364694206064
0 1 1 1 1 1 1 1 1 1 1 14.229238403319384
1 1 1 1 1 1 1 1 1 1 1 14.62864151613808
1 1 1 1 0 0 0 0 0 0 0 15.04224711007399
0 0 0 0 0 0 0 0 1 1 1 10.716604055640857
0 0 0 0 0 0 0 1 1 1 0 9.002935140943391
0 0 0 0 0 0 0 0 0 0 1 9.368087922841301
0 0 0 0 0 1 1 1 1 1 1 9.923694674919847
1 1 1 1 1 1 1 1 1 1 1 14.359372686614801
1 1 1 0 0 1 1 1 1 1 1 9.21948405437381
1 1 1 1 1 1 1 1 1 1 0 14.43078662901639
1 0 0 0 0 0 0 0 0 0 0 8.462596739959388
0 0 0 0 0 1 0 1 1 1 1 10.234459526994524
1 1 1 1 1 1 0 1 0 0 1 13.489412158224145
0 0 0 0 0 0 0 0 0 0 0 9.08124049976964
0 0 0 0 0 0 0 0 0 1 1 10.08942160652672
0 0 0 0 0 0 0 0 0 0 0 8.366372408359753
0 0 0 0 0 0 1 1 1 1 1 11.200961936742782
1 1 1 1 1 1 1 1 1 1 1 14.180722880501536
1 1 1 1 1 1 1 1 1 1 1 13.787123553657556
0 0 0 0 0 0 0 0 1 1 1 10.081661883304825
1 1 1 1 0 1 0 0 0 0 0 14.53338044766974
1 1 1 1 1 1 1 1 1 1 1 14.826007594694705
0 0 0 0 0 0 0 0 0 0 0 10.280362627516665
1 1 1 1 1 1 1 1 1 1 1 14.559332151433555
1 1 1 1 1 1 1 1 1 1 1 12.432390830868954
1 1 1 1 1 1 1 1 0 0 1 12.855525475185555
0 0 0 0 0 0 0 0 0 0 1 9.604570584938143
0 0 0 1 1 1 1 1 1 1 1 14.744603433989353
0 0 0 0 0 0 0 0 0 0 1 10.159250684473326
0 0 0 0 0 0 0 0 0 0 0 10.927003108328739
0 0 0 0 0 0 0 0 0 0 0 11.45696656695891
1 1 1 1 1 1 1 1 1 1 1 14.200317987406974
0 0 0 0 0 0 0 0 0 0 0 8.739729457224275
1 1 1 1 1 1 0 0 0 0 0 14.945534719181504
1 1 0 0 0 0 0 0 0 0 0 11.815861523094792
0 0 0 0 0 0 0 0 0 1 1 10.420159657376566
0 0 0 0 0 0 0 0 0 0 0 11.152622527698057
1 1 1 1 1 1 1 1 1 1 1 13.699316917606971
0 0 0 0 0 0 0 0 0 1 1 10.166585642869896
0 1 1 1 1 1 1 1 0 0 0 14.265708013803538
1 1 1 1 1 1 1 1 1 1 0 14.867378106385388
1 1 1 1 1 1 1 1 1 1 1 14.356719470768292
0 0 0 0 0 0 1 1 1 1 1 10.876842540312069
0 0 0 0 0 0 0 0 0 1 1 9.836012458599598
1 0 0 0 0 0 0 0 0 0 0 9.736576752330704
0 0 0 0 1 1 1 1 1 1 0 12.410374674943471
1 0 0 0 0 0 0 0 0 0 0 9.71247958622568

