M1	M2	M3	M4	M5	M6	M7	M8	M9	M10	class
12	11	22	22	22	12	12	12	12	11	1
0
22	12	11	22	22	11	11	12	11	12	1
0
22	12	12	11	12	22	12	12	12	12	1
0
12	12	12	11	12	22	12	12	22	22	1
0
11	22	12	12	22	12	12	12	12	11	1
0
12	22	12	22	22	12	12	12	12	12	1
0
12	11	12	11	22	12	12	12	22	22	1
0
12	11	12	11	12	12	22	12	12	22	1
0
22	11	12	11	12	11	22	11	11	22	1
0
22	11	11	12	22	11	22	11	11	22	1
0
12	22	12	12	12	12	11	12	12	12	1
0
12	22	11	11	12	12	11	11	12	12	1
0
12	12	12	22	22	22	12	11	11	22	1
0
11	12	12	22	12	22	12	12	12	12	1
0
12	22	22	22	11	22	12	22	12	11	1
0
11	22	22	22	12	22	11	22	12	12	1
0
11	11	22	12	22	22	22	12	22	12	1
0
11	12	22	12	12	11	22	12	12	22	1
0
12	22	11	11	12	11	12	11	12	22	1
0
12	22	11	11	12	12	12	22	12	22	1
0
22	12	11	11	11	11	11	12	22	22	1
0
12	12	11	22	12	11	12	11	12	22	1
0
22	12	11	12	22	12	12	12	22	22	1
0
12	22	11	11	22	12	12	12	22	22	1
0
12	22	12	11	11	22	12	11	12	22	1
0
12	11	12	12	11	12	22	11	12	12	1
0
22	12	12	22	12	12	12	11	12	11	1
0
22	12	12	22	12	12	12	12	22	11	1
0
11	12	22	22	12	12	11	12	22	22	1
0
12	11	12	22	11	12	12	11	22	22	1
0
11	22	12	22	11	22	11	12	12	12	1
0
11	22	12	22	11	22	11	12	11	12	1
0
11	12	12	22	12	11	22	12	22	22	1
0
11	12	12	22	12	12	22	12	12	22	1
0
22	12	12	12	12	22	12	22	12	12	1
0
22	12	11	12	22	12	12	22	22	12	1
0
11	12	12	12	12	12	12	12	11	12	1
0
12	22	12	12	12	22	22	11	11	12	1
0
12	12	11	12	11	12	11	12	12	12	1
0
12	12	11	12	12	12	11	12	11	12	1
0
11	12	12	22	12	12	22	12	22	12	1
0
22	12	22	12	12	11	12	22	22	12	1
0
11	12	12	22	12	22	22	11	11	22	1
0
12	11	11	22	22	12	12	11	12	22	1
0
12	12	12	22	12	12	11	12	12	12	1
0
12	12	22	12	12	12	11	12	11	12	1
0
11	22	22	12	11	11	11	22	12	12	1
0
11	22	12	11	12	11	12	12	11	12	1
0
12	11	12	11	11	11	11	11	12	11	1
0
12	11	12	11	11	12	12	11	12	11	1
0
12	12	12	12	12	12	12	11	22	12	1
0
12	12	12	22	12	12	12	11	22	12	1
0
12	12	11	11	11	11	11	12	22	12	1
0
12	12	12	22	11	11	11	12	22	22	1
0
11	22	22	12	11	11	11	11	11	22	1
0
12	12	12	12	11	11	22	12	11	12	1
0
22	12	12	12	22	22	11	12	12	12	1
0
22	12	12	22	12	11	12	12	22	11	1
0
12	11	12	12	12	11	12	11	12	22	1
0
12	11	12	22	12	11	12	11	12	22	1
0
11	12	11	12	11	11	12	11	12	22	1
0
12	11	12	12	12	22	12	11	22	22	1
0
22	22	12	11	12	12	11	12	22	12	1
0
22	12	11	12	22	12	11	12	22	22	1
0
12	11	22	22	12	12	11	22	22	22	1
0
12	12	11	22	12	12	11	12	12	22	1
0
12	12	12	11	12	12	12	11	12	12	1
0
12	22	22	11	22	12	12	12	12	11	1
0
22	12	22	12	22	11	12	12	12	12	1
0
12	12	22	22	22	11	12	12	12	22	1
0
22	22	12	12	22	12	22	22	12	22	1
0
22	12	12	12	12	12	22	12	22	12	1
0
12	11	11	22	12	11	12	12	12	12	1
0
12	11	11	12	12	12	22	12	11	12	1
0
12	11	22	22	22	22	12	22	11	11	1
0
11	12	11	12	12	22	12	22	12	11	1
0
22	12	12	11	12	11	12	12	12	11	1
0
12	22	12	12	22	11	11	12	12	11	1
0
22	12	11	11	12	11	12	12	22	12	1
0
22	12	12	12	11	22	22	12	22	12	1
0
12	12	11	12	12	12	12	11	22	22	1
0
11	12	12	12	12	11	11	12	12	12	1
0
12	12	12	11	11	12	12	12	22	12	1
0
12	12	11	22	11	12	12	12	12	11	1
0
12	22	12	12	12	11	12	11	11	11	1
0
12	22	12	12	11	12	12	12	11	11	1
0
12	11	22	11	12	11	11	12	12	11	1
0
12	22	12	12	11	11	12	12	12	11	1
0
12	12	11	11	12	12	11	22	11	11	1
0
11	12	11	11	12	12	22	12	12	11	1
0
11	12	12	22	22	22	22	22	22	12	1
0
12	11	12	11	12	22	12	11	22	12	1
0
12	11	11	22	22	11	12	12	11	12	1
0
22	11	11	22	22	22	12	11	11	12	1
0
11	12	12	22	12	12	12	12	22	12	1
0
12	12	12	22	12	12	12	12	12	12	1
0
12	12	22	12	22	11	12	12	11	12	1
0
11	12	22	12	22	12	22	12	11	22	1
0
12	11	11	12	12	12	12	11	12	22	1
0
22	11	12	12	22	12	12	12	12	11	1
0
11	12	12	12	22	11	12	12	11	12	1
0
12	11	11	12	22	12	22	12	11	12	1
0
12	12	22	11	11	12	11	12	12	22	1
0
12	22	12	11	11	11	12	12	11	12	1
0
12	12	12	11	11	12	22	12	12	12	1
0
12	12	12	11	11	12	22	12	11	12	1
0
12	12	12	11	22	12	12	12	12	12	1
0
11	12	12	12	12	12	12	12	12	12	1
0
22	12	12	12	22	12	22	11	12	12	1
0
22	11	12	12	22	12	12	12	12	22	1
0
12	12	22	12	11	22	22	12	11	12	1
0
12	12	12	22	12	22	12	12	11	12	1
0
12	11	11	22	22	12	12	12	12	22	1
0
22	12	11	12	22	12	12	12	11	12	1
0
22	12	22	12	12	12	12	22	11	12	1
0
22	12	12	12	22	12	22	22	11	12	1
0
22	12	22	22	22	12	12	11	12	22	1
0
22	12	22	22	22	12	12	12	12	12	1
0
12	22	12	22	22	12	12	12	12	12	1
0
12	12	12	22	22	12	12	11	12	12	1
0
22	22	12	11	12	11	12	22	22	11	1
0
12	12	11	12	12	12	22	22	12	12	1
0
12	22	11	12	12	12	12	11	12	22	1
0
22	12	12	12	11	12	12	22	11	12	1
0
11	12	12	11	22	12	11	12	22	12	1
0
11	12	12	11	22	12	22	22	12	12	1
0
12	12	12	22	11	22	12	12	22	12	1
0
12	11	12	11	12	22	12	12	22	11	1
0
12	22	22	12	12	22	12	11	11	22	1
0
12	12	12	12	11	22	11	12	11	22	1
0
12	22	12	11	12	12	12	12	22	12	1
0
12	22	11	12	12	12	12	12	22	22	1
0
22	12	12	11	12	22	12	22	22	22	1
0
12	12	12	11	12	22	12	22	22	22	1
0
12	12	12	11	11	22	11	11	12	22	1
0
22	12	12	11	12	22	11	12	12	22	1
0
11	12	11	12	11	22	12	11	22	12	1
0
11	22	12	11	12	22	12	12	22	12	1
0
12	12	22	12	12	22	12	12	12	11	1
0
12	11	22	11	12	22	11	12	12	11	1
0
11	12	12	12	12	11	11	11	11	22	1
0
11	12	22	22	12	11	11	11	11	22	1
0
12	22	12	11	12	12	12	22	12	22	1
0
12	22	12	12	12	12	11	12	11	22	1
0
12	11	12	12	11	22	11	11	22	12	1
0
12	11	12	12	11	12	11	12	12	12	1
0
11	12	22	11	22	22	11	22	12	22	1
0
11	11	22	11	12	11	12	12	12	22	1
0
22	12	22	11	12	11	22	22	12	12	1
0
22	22	22	11	11	11	22	22	12	12	1
0
12	11	22	12	11	12	11	22	12	11	1
0
12	11	22	22	11	22	11	22	12	11	1
0
22	12	11	11	12	11	22	22	12	11	1
0
12	12	12	12	12	11	22	12	12	11	1
0
22	11	12	12	11	11	12	22	12	12	1
0
22	11	12	12	11	12	12	12	12	22	1
0
12	11	22	11	22	22	22	11	11	12	1
0
12	22	12	11	12	22	12	22	12	12	1
0
11	12	12	12	12	22	22	12	12	22	1
0
12	12	12	12	12	12	22	11	12	12	1
0
12	11	11	12	22	12	12	22	12	12	1
0
12	11	12	22	12	12	12	12	11	22	1
0
22	11	22	22	12	12	12	11	11	11	1
0
22	11	12	11	11	12	12	11	12	12	1
0
11	12	12	22	22	12	12	12	11	22	1
0
12	12	12	22	22	12	11	12	12	12	1
0
12	11	22	12	22	22	11	22	12	12	1
0
12	11	12	12	22	22	12	22	22	12	1
0
12	12	12	11	11	12	12	12	11	12	1
0
12	22	11	11	11	22	12	12	11	12	1
0
12	22	11	22	12	12	12	12	22	12	1
0
11	12	12	22	12	12	22	12	22	11	1
0
12	11	11	12	11	11	22	11	12	11	1
0
12	11	11	12	12	12	22	11	22	22	1
0
12	12	22	11	22	11	12	12	22	12	1
0
12	22	12	11	22	12	12	22	11	12	1
0
12	11	12	12	11	11	12	12	12	12	1
0
12	11	22	11	22	12	12	12	22	12	1
0
11	12	12	22	12	22	12	12	12	22	1
0
12	22	12	22	22	22	22	11	12	22	1
0
22	12	11	12	12	12	12	12	12	11	1
0
12	11	11	22	12	11	12	22	12	11	1
0
12	11	11	12	12	12	11	22	12	11	1
0
12	11	11	12	12	12	12	22	11	11	1
0
12	22	11	12	12	22	12	11	12	22	1
0
12	12	11	12	11	22	12	12	12	12	1
0
12	22	11	12	22	22	12	12	11	22	1
0
12	22	11	22	12	12	12	12	12	22	1
0
22	22	12	22	12	12	12	12	11	22	1
0
12	22	22	22	12	12	12	12	12	11	1
0
11	12	12	22	11	11	11	11	12	22	1
0
11	12	12	12	11	11	12	11	11	12	1
0
22	12	11	12	12	12	12	11	12	22	1
0
22	12	11	22	12	12	12	11	12	22	1
0
12	12	22	12	11	12	12	22	11	11	1
0
12	12	11	12	11	11	12	22	11	11	1
0
11	12	22	11	12	22	22	11	12	22	1
0
12	22	22	12	11	12	12	11	12	22	1
0
12	11	11	12	11	12	12	12	12	12	1
0
12	22	11	12	12	12	22	11	22	22	1
0
22	11	11	12	22	22	11	22	11	11	1
0
22	11	12	12	22	12	11	12	12	11	1
0
12	22	11	12	12	22	12	12	12	22	1
0
22	22	11	22	11	22	12	12	22	12	1
0
12	11	11	12	12	11	12	22	22	12	1
0
11	12	12	12	12	12	11	22	12	12	1
0
12	12	11	12	12	12	11	22	12	12	1
0
11	12	11	11	11	22	11	22	11	12	1
0
12	11	22	11	11	22	11	12	11	12	1
0
22	22	22	22	11	12	12	12	11	11	1
0
11	12	11	12	11	22	22	22	11	11	1
0
11	12	11	12	11	22	11	12	11	12	1
0
11	12	12	12	12	11	11	12	12	12	1
0
11	22	12	22	12	11	12	22	12	11	1
0
12	12	12	11	12	22	22	11	12	12	1
0
11	12	12	11	12	12	22	11	12	12	1
0
11	12	22	11	11	12	12	11	11	11	1
0
11	12	12	11	11	12	11	12	11	12	1
0
12	12	12	11	11	12	11	11	12	12	1
0
22	12	11	12	12	11	11	12	12	12	1
0
11	11	22	12	11	22	12	12	12	22	1
0
11	22	22	12	12	22	12	11	22	12	1
0
22	12	11	12	12	22	12	11	12	12	1
0
22	12	11	12	11	22	12	12	12	22	1
0
22	22	12	12	22	11	12	22	22	22	1
0
12	12	12	11	12	11	12	22	12	22	1
0
11	22	12	12	22	12	12	11	11	12	1
0
12	22	22	12	12	11	12	12	11	12	1
0
22	12	12	12	12	12	12	11	22	22	1
0
22	12	12	12	12	22	12	11	22	22	1
0
11	11	12	11	12	22	12	11	12	12	1
0
12	12	12	22	22	11	11	12	12	12	1
0
22	12	12	12	22	12	12	22	12	22	1
0
22	12	22	12	22	12	12	22	12	11	1
0
12	12	12	12	12	12	12	11	22	11	1
0
12	22	22	12	11	22	12	12	22	12	1
0
12	11	11	12	12	11	11	12	22	11	1
0
12	11	12	22	12	11	11	12	11	11	1
0
12	12	11	22	11	12	12	11	12	22	1
0
22	11	11	22	11	12	11	11	12	22	1
0
22	12	11	22	22	12	22	12	22	12	1
0
22	12	12	22	22	11	12	12	22	22	1
0
11	22	12	11	12	11	12	12	12	12	1
0
12	22	22	22	11	12	12	12	12	12	1
0
12	22	22	12	12	11	22	22	11	12	1
0
11	22	11	22	12	12	22	11	11	12	1
0
11	11	22	22	22	22	11	12	11	12	1
0
12	11	22	22	22	12	11	12	12	22	1
0
22	12	12	11	11	12	22	12	22	11	1
0
22	12	11	11	12	11	12	11	12	12	1
0
12	11	12	12	12	22	22	12	22	22	1
0
12	11	12	11	22	12	11	12	12	22	1
0
22	12	11	12	11	12	22	12	11	22	1
0
12	12	22	11	12	11	22	11	11	12	1
0
11	12	11	12	11	12	22	12	12	22	1
0
11	11	12	12	12	12	22	12	12	12	1
0
12	12	22	11	12	22	22	22	22	12	1
0
12	12	12	11	12	22	11	22	12	11	1
0
22	12	11	12	12	11	11	12	22	11	1
0
22	12	11	12	12	11	11	22	22	12	1
0
12	22	12	22	12	22	12	12	12	22	1
0
22	22	12	12	11	22	11	11	22	22	1
0
11	12	22	12	12	12	11	12	12	22	1
0
11	12	12	12	12	22	11	11	12	22	1
0
12	11	12	12	11	22	12	12	12	12	1
0
12	11	11	12	12	22	12	22	22	12	1
0
11	22	12	22	12	22	22	12	12	12	1
0
11	22	22	22	11	11	22	12	11	12	1
0
12	22	12	11	11	12	11	12	22	22	1
0
12	22	22	12	12	12	12	22	12	12	1
0
12	11	12	11	22	12	11	11	12	11	1
0
12	11	12	11	12	12	11	22	11	11	1
0
11	22	22	12	12	11	12	22	12	11	1
0
11	12	22	12	11	12	12	22	11	11	1
0
12	22	12	12	22	11	12	22	12	12	1
0
12	11	12	12	12	11	11	22	11	12	1
0
12	22	12	12	11	12	22	12	12	12	1
0
12	22	12	22	11	12	22	11	12	12	1
0
22	12	12	11	22	11	12	11	12	11	1
0
22	12	12	22	22	11	12	11	11	11	1
0
22	12	11	22	11	22	12	22	12	12	1
0
12	11	12	11	11	22	11	22	22	12	1
0
11	22	12	12	12	11	11	12	12	12	1
0
11	12	12	12	12	12	11	22	22	22	1
0
22	12	12	11	11	22	12	12	22	11	1
0
12	22	11	12	11	22	12	11	22	12	1
0
11	12	12	11	12	22	12	12	22	22	1
0
12	11	12	11	12	12	12	12	22	12	1
0
22	11	22	12	12	22	12	12	12	12	1
0
22	11	12	11	12	22	12	12	12	12	1
0
12	22	11	11	22	22	11	22	22	11	1
0
12	22	12	11	12	22	12	12	12	11	1
0
11	11	22	22	11	12	12	11	22	12	1
0
11	11	22	22	11	12	22	11	22	22	1
0
12	12	11	12	12	12	12	22	22	11	1
0
22	11	11	12	12	12	12	12	12	11	1
0
12	22	12	11	11	12	11	12	12	12	1
0
22	12	12	12	11	12	12	12	12	22	1
0
11	12	22	11	12	12	11	12	12	22	1
0
11	12	12	12	22	11	11	11	12	22	1
0
12	12	22	12	11	12	12	12	11	11	1
0
12	12	12	12	11	12	11	12	11	11	1
0
12	22	11	11	12	11	12	22	12	12	1
0
11	22	11	11	11	11	12	22	12	22	1
0
22	12	11	11	22	12	22	22	12	12	1
0
22	11	11	11	22	11	22	22	12	12	1
0
11	22	11	12	12	12	22	12	12	22	1
0
11	11	11	22	12	12	11	12	12	12	1
0
12	11	22	22	22	12	12	11	11	12	1
0
11	12	12	22	22	12	11	11	11	12	1
0
11	12	12	12	12	12	12	22	12	12	1
0
11	12	12	11	12	12	22	22	12	12	1
0
22	22	22	11	22	22	22	12	12	12	1
0
22	22	22	12	22	12	22	11	22	22	1
0
11	22	12	11	22	11	12	12	22	11	1
0
11	12	12	11	12	12	12	22	12	11	1
0
12	22	12	12	12	12	11	22	22	12	1
0
12	12	12	12	12	22	11	22	12	12	1
0
22	11	11	12	12	22	12	11	11	12	1
0
22	12	11	22	11	22	12	12	11	11	1
0
12	12	11	11	12	22	11	12	22	12	1
0
22	22	11	11	12	12	12	12	12	12	1
0
11	12	11	12	22	22	22	12	12	12	1
0
12	12	12	11	12	12	22	12	11	11	1
0
12	12	12	12	12	22	11	12	11	22	1
0
22	12	11	12	12	22	11	12	12	11	1
0
12	22	11	12	12	11	22	22	12	22	1
0
12	22	11	12	12	12	12	22	22	22	1
0
12	11	12	22	12	12	12	12	22	12	1
0
22	11	12	11	12	12	22	12	22	12	1
0
22	12	12	12	12	12	12	12	12	12	1
0
22	12	12	12	22	12	12	22	12	12	1
0
11	12	12	12	12	11	11	12	12	22	1
0
11	12	12	12	11	12	12	12	12	12	1
0
11	12	12	12	12	12	11	12	22	12	1
0
12	12	11	22	12	12	11	11	22	12	1
0
22	12	12	12	12	11	12	11	12	11	1
0
12	12	11	12	12	11	12	11	12	11	1
0
12	11	12	11	11	22	12	11	22	22	1
0
12	22	12	11	11	22	12	11	22	22	1
0
11	12	11	11	12	12	12	22	22	12	1
0
11	11	11	12	11	12	11	22	22	11	1
0
12	12	22	12	12	22	12	11	12	22	1
0
12	11	22	12	22	22	11	11	11	12	1
0
12	12	22	22	22	12	12	11	12	11	1
0
12	12	12	22	22	12	12	12	12	12	1
0
12	12	22	11	11	22	11	12	12	22	1
0
22	12	12	11	12	11	11	12	12	22	1
0
12	11	11	22	22	12	11	12	11	12	1
0
12	12	11	22	22	12	12	12	11	12	1
0
11	12	12	12	11	12	22	11	22	12	1
0
11	12	22	12	12	12	22	22	22	22	1
0
12	12	11	22	11	12	12	12	12	22	1
0
12	22	11	12	11	12	12	12	22	12	1
0
12	22	22	22	22	11	22	12	11	12	1
0
11	22	22	22	22	12	22	12	12	12	1
0
11	22	22	22	12	22	12	12	22	11	1
0
11	22	22	12	12	12	22	11	22	11	1
0
12	12	22	12	12	22	12	22	12	12	1
0
12	12	12	12	11	22	22	22	12	12	1
0
12	22	11	22	12	22	22	12	22	22	1
0
12	11	11	22	12	22	12	12	22	12	1
0
22	12	11	12	22	12	22	12	12	12	1
0
22	12	12	12	12	11	22	12	12	12	1
0
22	22	11	12	11	11	22	11	12	12	1
0
12	22	11	22	11	12	22	11	12	12	1
0
11	12	22	11	11	12	12	12	12	12	1
0
12	22	22	11	11	12	12	12	22	12	1
0
22	12	12	12	12	11	11	12	11	12	1
0
22	12	12	12	12	11	11	22	12	12	1
0
12	11	12	12	12	12	12	11	11	12	1
0
12	11	12	11	12	12	12	12	11	12	1
0
12	11	22	11	12	12	22	22	11	12	1
0
12	12	22	11	12	12	12	22	11	12	1
0
22	12	12	12	12	12	12	12	11	12	1
0
22	11	12	12	12	11	11	12	11	22	1
0
22	12	12	22	12	12	22	22	22	11	1
0
22	12	11	22	12	12	11	11	22	12	1
0
12	11	11	22	12	11	12	11	11	12	1
0
22	11	11	22	12	11	12	22	11	22	1
0
11	22	22	11	12	11	11	11	12	12	1
0
12	22	22	11	12	11	12	11	12	11	1
0
12	22	22	22	12	11	12	12	12	11	1
0
11	12	22	11	11	11	12	12	12	22	1
0
12	22	11	12	11	22	12	22	11	22	1
0
12	22	11	12	12	22	22	22	11	22	1
0
22	12	12	11	11	12	12	12	22	22	1
0
22	12	12	11	11	12	12	12	11	12	1
0
12	12	12	12	12	11	12	11	12	11	1
0
11	12	12	12	12	12	22	11	22	12	1
0
12	11	12	11	12	12	12	12	22	12	1
0
11	12	12	12	12	12	22	22	22	12	1
0
12	11	11	11	12	12	12	22	22	11	1
0
12	12	12	11	22	22	12	12	22	12	1
0
22	22	12	12	22	11	11	11	11	11	1
0
12	22	11	12	22	11	11	11	11	12	1
0
12	12	22	11	12	22	11	12	22	11	1
0
12	12	12	11	22	22	11	11	12	11	1
0
12	12	11	22	22	12	22	11	11	12	1
0
12	11	12	12	22	12	22	11	11	12	1
0
12	11	12	12	12	22	22	12	12	22	0
1
12	12	11	12	12	22	11	12	12	22	1
0
22	12	11	12	12	22	11	12	12	22	1
0
22	12	22	12	22	11	22	12	22	12	1
0
22	22	12	12	22	12	22	12	12	12	1
0
22	12	12	12	12	11	11	12	22	22	0
1
12	12	12	11	12	22	12	22	22	11	0
1
22	22	11	11	12	12	12	22	22	12	1
0
12	12	12	11	11	22	12	12	12	12	1
0
11	22	12	12	22	11	11	22	22	12	1
0
12	22	11	12	12	12	12	12	22	12	1
0
11	22	12	11	12	12	12	12	22	12	0
1
22	12	12	12	12	12	12	22	22	12	1
0
22	12	12	22	12	12	12	12	12	12	1
0
22	12	12	12	22	12	12	22	11	22	0
1
22	12	11	11	12	12	22	11	22	12	0
1
22	12	11	11	12	12	22	11	12	12	1
0
12	12	11	11	12	12	12	11	12	12	1
0
11	12	22	22	22	12	12	12	22	12	1
0
11	11	22	22	12	12	12	12	22	12	1
0
12	22	22	22	22	12	11	11	12	12	0
1
22	12	11	12	22	12	12	11	11	12	0
1
11	12	12	22	12	12	12	12	11	22	1
0
12	11	12	11	12	11	12	11	11	22	1
0
12	22	11	22	12	11	12	11	12	22	1
0
12	22	11	12	11	12	22	11	11	12	0
1
12	22	11	12	12	11	22	12	11	12	1
0
11	12	11	22	11	22	12	22	22	12	1
0
22	11	11	12	11	22	11	22	22	12	1
0
22	12	11	12	11	22	11	22	22	12	0
1
22	12	11	22	11	12	11	12	11	12	1
0
12	22	11	12	12	12	11	22	11	12	1
0
12	22	11	12	11	12	11	12	11	12	0
1
12	12	11	12	12	12	11	22	11	11	0
1
12	12	11	12	22	22	11	22	11	11	1
0
12	11	11	12	12	22	11	22	12	11	1
0
22	12	12	12	11	11	22	12	12	12	1
0
12	12	22	12	12	11	22	22	12	12	1
0
12	12	22	12	11	11	11	22	22	22	0
1
12	12	11	12	11	22	12	12	11	11	1
0
11	12	11	12	11	22	12	12	12	12	0
1
11	12	12	22	12	22	12	11	11	12	1
0
12	11	12	12	12	22	22	11	11	11	0
1
11	12	12	12	22	12	22	12	12	12	1
0
11	12	12	22	22	12	12	12	22	12	1
0
22	22	11	11	12	11	11	12	22	22	0
1
12	22	11	12	11	12	12	11	22	12	1
0
12	22	12	11	11	11	11	22	12	22	1
0
22	11	22	12	11	12	12	12	12	12	1
0
22	11	22	11	12	12	11	12	12	12	1
0
22	11	22	12	12	12	12	12	12	12	0
1
12	12	11	22	22	12	22	12	11	12	0
1
12	22	11	22	12	12	12	11	12	12	1
0
12	22	11	12	22	12	12	12	12	12	1
0
11	12	11	12	12	12	22	11	11	11	1
0
22	12	11	12	12	12	22	11	11	12	0
1
11	12	11	12	12	12	22	12	11	12	1
0
22	12	22	22	11	22	22	12	11	22	1
0
12	12	22	22	12	22	12	12	12	12	0
1
22	11	12	12	12	22	11	12	11	22	1
0
12	12	12	12	22	11	12	22	22	12	1
0
11	12	12	12	12	11	12	22	22	12	0
1
11	12	12	12	22	11	12	22	22	12	1
0
12	12	22	22	12	12	11	22	22	22	0
1
12	22	12	22	12	12	11	12	12	22	1
0
11	22	12	22	12	11	11	22	12	22	1
0
12	11	12	12	11	11	12	12	12	22	1
0
12	11	12	12	11	11	22	12	11	12	0
1
12	11	12	12	12	11	22	12	12	11	1
0
22	11	22	12	11	22	12	11	12	11	1
0
22	11	22	12	12	22	12	11	22	11	1
0
22	11	12	12	22	22	12	11	22	12	0
1
11	11	22	11	12	22	22	22	22	12	1
0
11	12	11	11	12	22	22	12	12	12	0
1
11	12	11	12	12	22	11	12	22	12	1
0
12	12	11	12	11	11	11	12	22	22	1
0
12	22	11	12	12	11	11	11	12	22	1
0
22	22	12	12	11	11	11	11	12	22	0
1
22	12	11	12	11	22	12	11	22	11	0
1
22	12	11	11	11	12	22	11	22	11	1
0
22	12	12	12	12	12	11	11	12	11	1
0
12	22	12	22	22	12	12	11	11	22	0
1
12	22	11	12	12	12	12	11	12	12	1
0
12	12	12	12	12	12	12	11	12	12	1
0
11	22	12	12	12	12	12	11	22	12	1
0
12	22	12	12	12	12	12	11	22	22	0
1
12	22	11	11	12	12	12	11	22	22	1
0
11	12	22	12	12	11	22	12	22	12	1
0
11	12	22	11	12	11	22	12	11	12	1
0
11	12	22	12	11	12	22	12	22	12	0
1
12	22	12	12	12	12	12	22	12	22	0
1
11	22	12	12	22	12	12	22	11	12	1
0
12	22	12	12	12	12	22	22	11	22	1
0
12	22	12	12	12	12	12	12	22	22	1
0
11	12	22	12	12	12	22	11	22	22	1
0
12	12	12	12	12	22	12	12	12	22	0
1
12	11	12	22	11	22	12	11	12	12	1
0
11	12	12	22	11	22	12	11	11	12	1
0
11	11	11	12	12	22	12	11	11	12	0
1
12	11	11	11	11	22	22	11	12	12	1
0
12	11	11	11	22	22	11	11	12	22	1
0
12	11	11	11	12	12	12	12	22	12	0
1
22	12	22	22	12	11	11	22	22	12	1
0
22	12	22	12	22	11	11	22	12	12	0
1
22	12	22	22	22	11	11	22	12	12	1
0
12	12	12	11	12	22	11	12	12	22	1
0
12	22	12	11	12	12	11	12	12	22	1
0
12	11	12	12	12	22	11	12	12	12	0
1
12	11	12	22	12	12	12	22	12	11	1
0
12	12	12	12	22	11	12	22	12	12	1
0
12	12	11	12	12	11	12	12	12	11	0
1
12	11	12	22	12	12	12	12	12	12	1
0
22	11	12	22	22	12	11	12	22	11	0
1
12	11	12	22	11	12	12	12	12	11	1
0
12	12	12	12	22	12	11	12	12	12	1
0
12	12	11	11	22	12	12	12	12	12	1
0
22	12	12	12	12	12	11	12	12	12	0
1
12	11	11	22	22	22	12	12	12	22	1
0
12	12	11	22	22	12	11	11	22	12	1
0
12	22	11	12	22	22	11	12	11	12	0
1
22	12	11	11	11	12	22	12	12	12	1
0
12	12	11	11	12	11	22	12	12	12	1
0
22	12	12	11	12	12	22	12	12	12	0
1
12	12	22	12	11	12	11	22	22	22	1
0
12	12	11	22	11	12	11	12	22	12	1
0
12	12	22	12	11	12	11	12	22	12	0
1
11	12	12	22	22	11	12	12	12	12	0
1
11	12	12	22	12	11	12	11	12	22	1
0
12	22	22	22	22	12	12	11	12	22	1
0
11	12	12	22	11	11	12	12	11	22	1
0
12	12	12	12	11	22	22	12	11	12	1
0
12	12	12	12	11	11	22	22	12	12	0
1
11	22	12	11	22	22	22	22	11	11	1
0
12	12	12	11	22	12	12	12	11	11	0
1
12	12	12	12	22	12	12	22	12	12	1
0
22	12	22	12	12	12	22	11	11	22	0
1
22	22	12	11	22	12	22	12	11	12	1
0
12	11	22	12	12	12	22	12	22	11	1
0
22	11	12	11	12	11	12	12	11	22	1
0
12	12	12	12	11	22	12	12	12	22	1
0
22	11	12	12	11	12	22	12	22	22	0
1
12	12	11	11	11	22	11	11	12	12	0
1
12	12	11	11	12	12	11	11	11	12	1
0
12	12	12	12	11	12	12	11	12	12	1
0
22	11	12	12	12	12	12	12	22	12	0
1
12	11	12	11	12	11	12	12	22	12	1
0
12	11	12	11	12	12	12	12	12	22	1
0
12	12	11	12	11	12	22	12	12	11	0
1
12	12	22	12	11	12	12	22	12	11	1
0
12	12	12	12	11	12	12	12	12	11	1
0
12	11	12	12	22	12	11	11	12	11	1
0
12	11	12	11	22	12	11	11	12	12	1
0
12	11	22	22	22	12	12	11	12	11	0
1
22	12	22	11	12	12	12	22	11	22	1
0
11	12	12	22	22	11	12	22	11	12	1
0
11	22	11	12	12	12	12	22	12	22	0
1
12	12	12	22	12	22	12	11	12	11	0
1
12	12	22	12	12	22	11	12	11	12	1
0
11	22	12	12	12	22	11	12	12	11	1
0
12	12	12	12	11	22	11	11	12	12	1
0
12	12	11	12	12	22	11	11	22	12	0
1
12	12	11	12	12	12	11	11	22	12	1
0
22	12	12	22	12	11	22	11	12	11	1
0
12	11	12	22	11	11	12	11	12	12	1
0
22	12	12	12	12	12	11	11	11	12	0
1
11	22	12	12	22	12	11	11	11	12	0
1
11	12	12	12	22	12	11	12	11	12	1
0
11	12	22	12	22	22	11	22	12	12	1
0
12	11	12	12	22	12	22	12	12	22	1
0
12	11	11	22	22	12	22	12	12	22	1
0
12	11	11	22	12	22	22	12	12	22	0
1
12	11	22	22	12	12	12	22	12	12	1
0
12	12	11	12	11	12	12	22	11	12	0
1
12	12	22	22	12	12	12	22	12	12	1
0
12	11	22	12	22	22	22	11	12	11	1
0
22	11	22	12	22	12	12	12	12	11	1
0
22	11	22	12	22	22	11	22	12	11	0
1
12	22	12	12	12	11	12	12	12	12	1
0
11	11	12	12	12	12	12	22	12	22	0
1
12	11	12	11	12	12	11	12	22	12	1
0
11	12	22	22	12	22	12	11	12	12	1
0
11	12	22	22	12	12	12	11	22	22	0
1
12	12	12	22	12	12	12	11	12	22	1
0
12	11	11	12	12	22	12	12	12	11	1
0
22	12	22	12	22	22	12	12	11	12	0
1
22	12	11	11	22	22	12	12	12	12	1
0
12	22	11	12	11	11	12	12	11	22	0
1
11	12	12	22	12	11	12	12	11	12	1
0
12	22	12	12	12	11	12	12	11	22	1
0
12	12	22	22	12	22	11	22	22	12	1
0
12	22	22	22	12	12	12	12	22	12	0
1
22	22	12	22	12	12	12	22	12	12	1
0
12	22	22	22	12	12	22	22	12	12	0
1
11	12	22	22	12	12	22	12	12	12	1
0
22	12	12	22	22	12	22	12	12	12	1
0
11	11	12	11	12	12	22	12	12	11	1
0
11	11	12	12	11	12	12	22	12	11	1
0
12	11	12	12	12	22	22	12	12	11	0
1
22	11	12	22	11	12	12	12	22	22	1
0
22	12	12	11	12	11	22	12	22	22	1
0
22	11	12	22	11	12	12	12	22	22	0
1
22	11	22	12	12	11	12	12	12	22	1
0
12	12	12	12	12	12	12	22	12	22	1
0
12	12	22	12	12	12	22	12	12	22	0
1
12	12	12	22	11	22	11	22	11	22	1
0
12	22	11	22	11	12	12	22	11	22	1
0
12	22	12	12	12	12	12	22	11	22	0
1
12	22	12	22	22	11	11	11	12	12	1
0
12	22	12	12	12	12	12	11	12	12	1
0
12	12	12	22	12	12	12	11	12	12	0
1
22	12	22	12	12	12	11	11	12	12	1
0
12	22	22	12	12	11	11	11	12	12	1
0
12	12	22	12	12	12	11	12	12	12	0
1
22	22	22	12	12	12	12	12	12	22	1
0
22	12	22	12	22	12	12	12	12	22	0
1
22	22	22	12	22	12	12	12	12	22	1
0
12	22	12	22	11	12	12	12	12	22	1
0
12	11	12	22	22	11	22	22	12	12	0
1
11	12	22	22	11	11	12	22	22	22	1
0
12	11	22	12	12	12	22	22	12	22	0
1
12	11	22	22	22	12	12	12	22	12	1
0
12	11	11	11	12	12	12	11	12	12	1
0
12	22	22	11	22	22	12	11	22	12	1
0
22	22	22	11	22	22	22	22	22	12	0
1
22	12	22	11	12	22	12	22	22	12	1
0
12	12	12	11	12	12	12	22	22	11	1
0
12	12	11	12	12	12	12	22	22	11	0
1
12	12	11	11	12	22	22	22	12	11	1
0
12	12	12	22	22	12	12	12	12	12	0
1
12	22	22	22	12	12	12	22	12	12	1
0
12	12	12	12	22	11	12	22	12	12	1
0
12	12	22	22	22	11	12	11	12	12	1
0
12	11	22	22	22	12	12	22	12	12	0
1
12	22	12	22	22	12	12	12	12	22	1
0
11	12	11	12	11	12	12	12	12	12	1
0
11	12	12	11	11	12	12	12	12	12	0
1
11	12	11	11	11	22	12	12	12	12	1
0
11	12	12	12	12	11	12	12	12	12	1
0
11	12	22	12	11	12	12	12	12	12	0
1
11	12	11	22	12	12	12	12	12	11	1
0
22	12	22	22	22	12	12	22	22	12	0
1
11	12	12	11	22	12	12	12	22	22	1
0
11	12	12	12	22	12	12	12	22	22	1
0
12	22	11	11	11	11	11	22	12	11	1
0
12	12	11	11	11	11	11	12	12	11	0
1
12	22	11	12	12	11	12	22	12	11	1
0
12	12	11	12	11	12	22	11	12	12	0
1
12	11	12	12	11	11	22	11	12	12	1
0
11	12	12	12	12	11	22	11	12	12	1
0
12	11	12	12	11	11	12	22	22	12	1
0
22	12	11	12	12	11	12	22	12	12	1
0
12	11	12	12	12	11	12	22	12	12	0
1
12	12	12	11	11	22	11	12	12	12	0
1
22	11	22	11	11	12	12	11	12	12	1
0
22	11	22	11	12	12	22	11	22	12	1
0
22	22	11	12	12	12	12	11	12	12	1
0
12	22	12	12	22	12	12	11	12	11	1
0
22	22	12	12	22	12	22	11	12	22	0
1
12	12	12	12	12	12	12	11	12	12	1
0
12	12	22	11	22	11	12	11	12	12	1
0
12	12	12	22	12	22	12	22	22	12	0
1
12	12	11	22	11	11	11	12	12	12	1
0
11	11	11	12	11	12	12	11	12	22	1
0
11	11	11	12	12	11	11	12	12	22	0
1
11	12	12	22	12	12	12	12	12	11	1
0
11	22	12	22	12	12	12	12	22	22	0
1
12	11	12	22	12	12	11	12	12	11	1
0
22	12	12	12	12	12	22	11	12	12	1
0
22	12	12	12	11	12	22	22	12	22	1
0
12	22	12	11	11	12	12	12	12	12	0
1
12	12	11	11	12	11	12	12	11	22	0
1
12	22	11	12	22	11	11	11	11	12	1
0
12	22	11	11	22	11	11	12	11	12	1
0
12	22	12	12	11	12	12	11	22	12	1
0
12	22	11	22	11	11	11	12	22	12	0
1
12	22	12	12	11	12	11	11	12	12	1
0
11	22	22	22	22	12	22	12	11	12	1
0
12	22	22	11	12	11	11	11	11	11	0
1
11	22	12	12	12	11	22	11	11	12	1
0
11	12	11	11	22	12	11	12	11	22	1
0
11	11	11	11	22	11	12	12	12	22	1
0
11	11	11	22	22	11	12	22	12	12	0
1
22	12	22	22	22	12	11	12	11	11	0
1
22	12	12	22	22	12	11	11	11	12	1
0
22	12	12	22	22	12	11	11	11	12	1
0
12	12	22	12	12	22	12	12	12	22	1
0
22	12	22	12	12	12	12	12	11	22	1
0
22	12	22	11	11	11	12	12	12	12	1
0
12	11	22	12	11	22	12	11	11	12	1
0
12	11	22	11	12	22	11	11	12	12	1
0
12	11	22	12	12	22	11	11	11	12	0
1
12	11	11	22	12	12	12	12	12	11	1
0
12	11	11	22	12	12	12	12	12	11	1
0
12	11	11	12	22	12	12	12	12	11	0
1
12	12	12	12	22	22	22	12	22	11	1
0
12	11	12	12	11	22	22	12	22	11	1
0
11	11	12	12	11	22	22	12	22	11	0
1
12	12	11	12	12	22	12	12	12	12	1
0
22	12	12	12	12	12	11	12	22	12	1
0
11	12	11	12	12	12	12	12	12	12	0
1
22	11	11	11	22	22	11	12	12	12	1
0
22	12	12	11	22	22	12	12	12	12	1
0
12	12	12	11	22	22	22	22	11	12	1
0
22	12	11	12	12	22	11	11	22	12	1
0
22	22	11	22	12	22	11	12	12	22	1
0
11	22	11	22	12	11	11	11	22	12	0
1
12	12	12	11	11	12	22	12	12	11	0
1
11	12	12	11	11	12	22	12	12	11	1
0
12	22	12	11	11	12	22	12	12	11	1
0
12	22	12	12	22	12	12	11	12	12	0
1
12	22	22	12	12	11	12	11	12	22	1
0
22	22	12	12	12	12	12	12	12	22	1
0
12	11	22	11	12	22	12	11	11	11	1
0
11	12	12	11	12	12	22	11	11	11	0
1
11	12	22	12	12	22	22	11	12	12	1
0
11	22	12	12	12	12	12	12	12	12	1
0
11	12	12	22	12	11	12	12	12	12	1
0
11	22	12	12	12	22	12	11	12	12	1
0
12	22	11	12	11	12	12	22	12	11	1
0
12	22	12	12	12	22	12	22	12	11	0
1
12	22	11	12	12	22	11	22	12	11	1
0
22	12	11	12	12	11	22	12	22	12	1
0
22	12	11	11	12	11	22	11	22	12	0
1
11	12	11	12	22	11	12	11	22	11	1
0
12	11	11	22	11	22	22	12	12	12	0
1
12	12	11	22	12	12	22	12	11	11	1
0
11	12	11	12	12	12	22	12	11	12	1
0
11	22	11	22	12	12	12	11	12	12	0
1
11	12	11	22	12	22	12	11	12	12	1
0
12	22	11	22	22	12	12	22	11	12	1
0
12	12	11	22	12	22	11	11	22	12	1
0
22	22	11	22	12	22	12	11	22	12	1
0
11	12	11	22	12	12	12	11	22	12	0
1
22	22	12	12	11	12	22	12	12	22	1
0
22	12	22	12	12	12	22	22	12	12	1
0
12	22	22	12	11	12	22	12	12	12	0
1
11	12	11	12	12	11	12	12	22	12	1
0
12	12	11	22	11	11	22	12	12	12	0
1
11	11	11	12	12	11	12	12	12	12	1
0
12	22	12	22	22	22	12	12	22	11	1
0
11	12	11	12	22	22	22	12	22	12	0
1
12	12	22	12	22	22	12	12	12	11	1
0
12	22	12	12	12	22	12	12	11	11	1
0
11	22	12	11	12	22	12	12	11	12	1
0
12	22	12	12	11	22	12	11	11	22	0
1
22	12	12	12	11	11	22	12	11	12	1
0
22	12	11	12	11	11	12	22	11	12	0
1
22	12	12	12	12	11	22	22	11	12	1
0
22	11	11	22	12	22	22	22	22	22	1
0
12	22	11	22	12	22	22	12	22	12	0
1
22	11	12	22	12	12	12	22	12	12	1
0
11	12	12	22	12	22	12	12	11	12	1
0
12	12	22	12	12	12	12	12	11	12	0
1
22	12	11	12	12	22	12	22	11	22	1
0
11	11	22	12	12	12	11	12	12	22	1
0
12	11	22	12	22	12	12	12	12	22	0
1
12	11	12	12	22	12	12	12	11	12	1
0
12	12	12	12	12	22	12	22	12	11	0
1
12	11	12	11	11	22	22	12	12	12	1
0
12	11	12	11	12	22	11	11	12	12	1
0
22	12	12	12	22	12	12	12	12	12	1
0
22	12	12	22	11	12	12	22	12	12	0
1
22	12	12	12	12	12	12	22	12	11	1
0
12	22	11	12	12	12	22	12	11	12	1
0
22	22	12	12	12	12	11	22	12	12	0
1
12	22	11	12	11	12	12	12	12	12	1
0
22	11	22	22	12	11	11	11	22	11	0
1
12	11	22	22	12	11	11	11	11	22	1
0
12	11	22	22	22	12	12	22	12	22	1
0
12	22	22	11	11	11	12	11	12	12	0
1
12	22	22	11	11	11	12	12	12	12	1
0
12	22	22	11	11	11	22	12	12	12	1
0
12	12	11	11	12	12	12	12	12	12	0
1
12	22	22	11	12	11	12	12	12	12	1
0
22	12	12	12	22	12	12	12	12	12	1
0
11	12	22	22	12	22	12	12	12	11	1
0
11	11	12	22	22	12	22	12	22	11	0
1
11	12	22	22	12	22	22	11	22	11	1
0
12	12	12	12	22	12	12	12	12	22	1
0
12	12	11	22	12	12	12	12	12	22	1
0
12	12	12	11	12	12	11	11	12	12	0
1
11	22	22	11	11	11	11	12	12	22	0
1
12	22	12	12	11	22	12	12	12	22	1
0
12	22	11	12	11	12	11	11	12	22	1
0
12	22	11	12	12	12	12	11	22	11	1
0
12	22	11	12	12	22	11	12	12	11	0
1
12	12	11	12	11	12	11	11	12	11	1
0
11	12	12	22	22	11	12	22	22	12	1
0
22	12	12	11	22	11	22	22	12	12	0
1
12	22	12	22	22	11	12	12	12	12	1
0
22	12	22	22	11	12	22	12	12	12	1
0
11	12	12	22	12	11	22	11	12	12	1
0
12	12	22	12	22	11	22	12	12	12	0
1
12	12	11	12	11	12	12	12	12	12	0
1
22	12	12	11	12	11	11	12	22	22	1
0
11	12	11	12	22	11	11	22	12	12	1
0
12	12	12	22	12	11	22	12	11	11	0
1
12	12	22	11	12	11	22	22	11	11	1
0
12	12	22	12	11	11	12	12	11	11	1
0
11	11	12	22	22	22	12	12	12	12	1
0
12	11	12	22	22	22	12	22	11	22	0
1
12	12	12	22	22	22	12	12	12	22	1
0
22	12	11	12	11	12	11	22	12	12	1
0
22	11	12	12	12	12	11	12	12	12	1
0
11	22	11	12	11	12	12	12	12	22	0
1
12	22	12	11	12	12	11	22	22	12	1
0
11	22	12	11	11	12	22	12	22	12	0
1
11	22	12	11	12	11	12	22	12	11	1
0
12	22	12	12	12	11	12	12	12	12	1
0
11	12	12	22	12	11	22	12	11	12	0
1
12	22	22	12	12	11	12	12	22	12	1
0
12	11	12	12	12	11	12	12	12	12	0
1
12	11	12	22	11	11	12	12	12	12	1
0
12	11	12	12	11	11	11	12	11	12	1
0
12	11	12	12	12	12	11	12	12	22	1
0
11	11	12	22	12	22	11	12	11	12	0
1
11	11	12	22	12	11	11	12	12	22	1
0
12	12	11	22	11	12	12	22	22	12	1
0
12	11	11	22	12	11	11	12	22	22	1
0
12	11	11	22	11	11	22	12	22	22	0
1
11	12	12	12	11	11	12	11	22	12	1
0
12	12	12	12	11	11	12	12	12	11	1
0
12	11	12	12	12	11	12	12	12	11	0
1
11	12	12	22	11	11	11	11	22	22	1
0
22	22	22	12	11	11	12	12	22	22	1
0
12	22	12	22	11	11	11	11	22	12	0
1
12	22	11	12	11	12	11	11	11	12	0
1
12	22	12	11	12	11	12	22	12	12	1
0
12	22	11	12	22	11	12	22	12	12	1
0
12	12	11	12	12	12	12	12	11	11	0
1
12	12	12	11	12	12	12	11	11	11	1
0
12	11	11	12	11	12	12	12	22	12	1
0
12	12	12	12	11	22	12	12	22	12	0
1
22	12	12	11	11	22	11	11	22	12	1
0
22	12	12	12	12	22	12	12	22	12	1
0
12	12	12	22	11	11	12	12	22	11	1
0
11	12	12	11	11	11	12	12	12	12	1
0
11	12	11	22	11	11	12	12	12	11	0
1
12	12	12	11	12	22	12	12	22	12	1
0
12	12	12	11	11	12	22	11	22	12	0
1
12	22	12	11	22	12	12	12	22	12	1
0
12	12	12	12	12	12	22	12	11	12	0
1
12	11	22	12	12	12	22	12	12	12	1
0
12	11	11	12	12	12	22	12	12	12	1
0
12	12	12	12	12	22	12	22	11	22	0
1
22	12	12	11	22	22	12	12	11	12	1
0
12	12	12	11	11	22	12	22	12	11	1
0
12	12	22	12	11	22	11	11	12	12	0
1
12	11	22	12	11	22	11	11	12	11	1
0
12	12	12	12	11	22	11	11	11	11	1
0
12	22	22	11	11	22	11	12	12	11	1
0
12	12	22	11	11	12	11	11	12	12	1
0
12	12	22	11	11	11	11	12	11	22	0
1
12	11	12	12	12	12	11	22	12	22	1
0
12	11	22	12	22	12	11	12	11	12	1
0
12	11	12	22	11	12	12	22	11	12	0
1
12	22	12	12	22	22	12	12	12	12	1
0
22	22	11	12	22	12	22	12	12	22	0
1
22	22	12	11	22	12	22	12	22	22	1
0
12	22	11	11	11	12	11	22	22	11	1
0
12	22	12	11	12	12	12	12	22	12	0
1
12	22	12	11	11	11	11	22	22	12	1
0
12	22	12	11	12	22	12	22	12	12	1
0
22	12	22	11	12	12	22	22	11	12	0
1
12	12	12	22	12	22	22	22	11	12	1
0
12	12	22	11	12	11	22	12	22	12	0
1
12	12	12	11	12	12	22	12	11	12	1
0
12	12	12	11	11	11	22	12	12	22	1
0
22	12	11	22	12	12	12	12	12	12	1
0
12	22	12	11	12	11	12	12	12	11	0
1
22	12	12	22	12	11	12	12	12	12	1
0
22	22	11	11	12	11	11	22	22	12	0
1
12	22	11	11	12	11	12	22	12	22	1
0
12	12	11	12	12	11	11	22	12	22	1
0
22	12	22	12	12	22	12	11	22	11	1
0
22	22	11	12	12	12	11	12	22	22	1
0
22	12	12	12	22	11	11	12	12	12	0
1
11	12	11	12	12	11	12	12	22	12	1
0
12	12	11	11	11	11	11	22	12	12	0
1
11	12	11	12	12	12	11	12	22	12	1
0
11	12	11	22	22	22	12	22	12	12	1
0
11	12	11	12	22	11	12	22	22	12	1
0
11	22	11	12	22	12	12	12	12	12	0
1
12	22	12	11	22	11	22	22	12	11	1
0
22	12	22	11	12	11	22	22	12	22	0
1
12	12	22	11	11	11	22	12	12	22	1
0
12	12	11	12	12	12	11	12	22	11	1
0
12	12	11	12	12	12	12	12	22	12	0
1
11	12	11	12	12	12	11	22	22	12	1
0
12	11	12	22	12	12	12	11	12	12	1
0
11	11	12	12	12	12	12	11	12	11	1
0
12	11	12	12	12	12	22	12	12	12	0
1
11	12	12	11	11	12	22	11	12	22	1
0
11	12	12	11	12	12	22	11	11	22	1
0
12	22	22	11	11	22	22	11	12	12	1
0
11	12	12	11	12	11	22	11	12	12	0
1
12	22	12	11	12	12	12	11	12	11	1
0
11	12	12	11	12	11	12	11	12	11	1
0
22	12	12	12	12	22	11	22	11	12	0
1
22	12	11	12	22	12	22	12	11	12	1
0
22	12	22	12	22	12	12	22	11	11	1
0
11	12	12	12	12	12	12	11	12	22	1
0
11	22	22	22	12	12	11	11	12	22	0
1
11	12	22	22	12	12	11	11	12	12	1
0
12	12	22	11	22	22	22	22	12	12	0
1
11	12	22	12	22	12	22	11	11	12	1
0
22	12	22	22	12	12	22	12	22	12	1
0
12	12	12	22	12	11	12	12	12	12	1
0
12	22	12	22	12	11	12	11	12	12	1
0
12	22	22	22	12	11	12	12	12	12	0
1
11	22	11	22	22	12	11	22	11	22	0
1
11	12	11	12	22	11	11	12	12	12	1
0
11	12	11	22	22	12	12	12	11	12	1
0
11	12	12	22	12	22	12	12	12	22	1
0
22	22	12	22	12	22	12	12	12	12	1
0
11	11	12	12	12	12	11	12	22	12	0
1
12	11	12	11	12	12	12	12	12	12	1
0
12	11	12	11	12	12	12	22	22	12	1
0
22	11	12	11	12	12	12	12	12	22	0
1
12	12	11	11	12	12	11	11	12	12	1
0
22	12	12	11	12	11	11	22	22	22	1
0
22	12	11	11	11	11	11	12	11	22	0
1
12	12	22	11	12	22	12	11	12	12	0
1
11	22	12	11	11	12	11	11	12	12	1
0
11	12	12	12	11	22	12	11	12	12	1
0
12	12	22	12	11	11	12	12	12	12	1
0
12	12	22	12	12	11	22	12	11	12	1
0
12	12	22	12	12	11	12	11	12	12	0
1
12	22	22	12	12	22	12	11	12	12	1
0
12	22	22	12	12	11	12	11	11	12	1
0
12	22	22	12	22	12	12	11	11	12	0
1
12	11	11	11	11	22	11	22	12	11	1
0
11	11	11	11	11	12	11	12	12	11	1
0
11	11	12	11	11	22	12	22	11	11	0
1
12	22	22	22	22	22	12	12	22	22	1
0
12	12	22	11	12	22	11	22	22	12	0
1
12	12	22	11	12	12	11	12	12	12	1
0
12	22	11	22	12	11	11	12	12	12	1
0
12	22	11	11	11	12	11	12	12	12	1
0
12	12	11	12	22	12	11	12	12	12	0
1
11	12	12	11	11	12	11	12	12	22	0
1
11	22	12	12	12	11	12	22	12	12	1
0
11	22	12	12	11	12	12	12	12	22	1
0
11	12	22	22	11	12	22	12	12	12	1
0
12	11	22	12	12	12	22	12	12	22	1
0
12	12	22	22	12	12	22	11	11	12	0
1
12	22	11	22	12	22	12	11	12	11	1
0
12	12	11	12	12	22	11	11	12	11	1
0
12	11	11	22	11	12	11	12	12	11	1
0
12	11	11	12	11	12	11	11	12	22	1
0
11	11	12	12	12	22	12	11	12	22	1
0
22	12	11	22	12	12	11	12	12	22	0
1
12	22	22	12	12	12	12	12	12	22	1
0
12	22	22	12	12	12	12	12	12	11	1
0
12	22	22	12	12	12	12	12	12	22	0
1
12	12	12	12	22	12	12	12	11	12	1
0
22	12	12	12	22	12	12	12	12	12	1
0
12	12	12	12	22	11	22	22	12	12	0
1
12	11	12	22	11	11	12	12	12	22	0
1
22	12	11	12	11	12	12	12	11	12	1
0
12	11	12	22	11	12	12	11	11	12	1
0
12	11	22	12	12	12	12	11	12	11	0
1
12	11	22	11	12	12	12	12	12	11	1
0
12	11	22	11	12	12	12	11	12	11	1
0
11	12	11	12	22	22	22	22	22	12	1
0
11	22	12	22	22	22	22	22	22	12	0
1
11	22	12	22	12	22	22	22	22	22	1
0
12	22	22	12	12	12	12	11	12	22	1
0
12	22	22	22	12	12	22	11	12	22	0
1
22	12	22	12	12	12	12	12	12	22	1
0
12	11	22	11	12	22	22	12	12	12	1
0
12	12	22	22	22	22	11	12	11	12	1
0
22	11	12	22	22	22	22	12	12	12	0
1
22	22	12	22	22	12	22	12	12	11	0
1
11	22	12	22	12	12	12	12	12	12	1
0
22	22	12	12	12	12	12	12	12	11	1
0
12	12	12	11	11	22	11	11	22	12	0
1
12	11	12	22	11	12	12	11	12	12	1
0
12	12	12	22	11	12	12	11	22	12	1
0
11	12	11	11	12	22	11	11	11	12	1
0
12	12	11	11	12	22	11	12	11	22	1
0
11	12	11	11	22	12	12	12	11	12	1
0
22	11	12	22	12	12	12	12	12	12	0
1
22	11	12	12	12	12	12	12	11	12	1
0
12	12	11	12	12	12	22	11	12	12	1
0
12	22	22	12	11	12	12	22	12	12	1
0
22	22	22	12	11	11	12	12	12	12	0
1
12	22	22	12	12	12	12	12	12	22	1
0
22	11	22	22	11	22	22	11	12	12	0
1
22	11	12	22	12	22	12	12	12	12	1
0
22	11	22	22	11	12	22	11	12	11	1
0
12	22	11	12	22	11	22	12	11	12	1
0
22	12	11	11	22	11	12	12	12	22	1
0
22	22	11	11	22	11	22	11	12	22	0
1
12	11	12	22	11	12	11	22	12	12	1
0
11	22	22	22	11	22	12	22	12	12	0
1
12	11	12	12	12	22	12	22	12	12	1
0
11	12	12	11	12	12	22	11	11	12	1
0
22	12	12	11	22	12	22	12	11	11	1
0
22	12	11	12	12	12	22	11	11	11	0
1
22	12	11	11	11	12	12	22	22	22	0
1
22	12	11	12	12	22	12	22	11	22	1
0
22	12	11	11	12	11	12	22	11	22	0
1
22	12	11	12	22	12	12	22	12	22	1
0
22	22	11	22	12	22	22	12	12	22	0
1
12	22	11	12	12	22	22	22	12	22	0
1
22	22	11	12	12	22	22	12	12	12	1
0
22	22	11	22	12	22	22	12	12	22	1
0
12	12	11	12	12	11	12	11	12	22	0
1
22	12	12	11	12	12	12	11	22	22	1
0
12	12	12	11	12	11	22	11	22	22	1
0
12	11	12	12	12	11	12	11	12	22	0
1
12	11	11	12	12	12	11	12	12	12	1
0
12	12	11	11	12	12	12	12	12	12	1
0
22	12	12	12	12	11	12	12	12	12	0
1
12	12	12	22	11	12	12	12	12	12	0
1
12	12	11	12	12	12	22	22	12	12	1
0
12	12	12	11	22	12	12	22	12	11	0
1
12	11	11	12	12	12	22	22	11	12	0
1
12	11	11	12	11	12	12	22	12	11	1
0
12	12	11	12	12	22	11	11	12	12	0
1
12	11	11	12	22	12	12	11	12	12	1
0
12	12	12	11	12	12	12	11	12	11	0
1
12	22	11	22	22	22	11	11	11	12	1
0
12	12	11	11	12	11	22	12	12	22	1
0
11	12	11	11	12	11	12	12	22	12	1
0
12	11	11	11	12	11	12	12	22	12	0
1
12	12	11	11	12	11	12	11	12	22	0
1
22	22	12	12	12	11	22	12	11	22	1
0
22	12	12	12	12	11	22	22	12	22	0
1
22	12	22	12	12	11	22	11	12	12	0
1
22	22	11	12	11	11	22	11	11	12	1
0
11	11	22	12	22	22	12	12	12	12	0
1
12	12	22	12	22	22	12	12	12	12	0
1
12	12	22	12	22	12	12	12	12	12	1
0
11	12	22	12	22	12	12	12	12	12	1
0
22	12	12	11	12	22	12	12	11	12	0
1
22	22	12	11	12	11	12	11	11	12	1
0
12	22	12	11	12	22	12	12	11	12	1
0
22	22	12	11	12	12	12	12	11	12	0
1
12	12	22	22	12	12	12	22	12	12	0
1
11	12	12	12	11	12	22	12	12	12	1
0
11	22	12	12	12	12	22	11	22	11	1
0
11	12	12	12	12	12	22	22	12	11	0
1
11	11	11	11	12	22	22	12	12	12	1
0
11	12	11	12	12	12	22	11	12	11	1
0
12	12	12	22	11	22	12	12	22	11	0
1
11	12	11	12	11	12	22	12	12	11	0
1
12	12	22	12	12	12	11	12	22	22	1
0
11	12	12	12	22	12	12	22	22	12	1
0
12	22	12	11	12	11	12	12	22	12	0
1
12	11	22	12	12	11	12	12	22	12	0
1
11	11	22	11	11	11	12	12	12	11	0
1
12	11	22	11	12	11	11	11	11	11	1
0
11	12	22	11	11	11	12	11	11	11	0
1
12	12	22	11	11	12	12	11	12	11	1
0
11	11	11	12	11	12	22	11	12	12	0
1
11	12	11	22	11	12	22	11	12	12	1
0
22	11	11	22	12	12	12	11	12	12	0
1
12	11	11	22	11	12	12	11	12	12	1
0
22	12	11	12	12	12	22	22	12	12	1
0
12	12	12	12	12	22	22	12	12	11	0
1
22	12	11	11	12	11	22	12	12	12	0
1
22	12	11	12	12	22	22	12	12	11	1
0
12	11	12	11	12	12	11	12	11	11	1
0
22	22	11	11	12	12	11	11	12	12	1
0
12	12	12	11	22	12	11	11	12	22	0
1
22	12	11	11	12	12	22	11	11	12	0
1
22	12	12	12	12	12	22	22	12	22	0
1
22	12	12	12	12	12	22	12	11	22	0
1
22	11	12	12	12	12	22	22	11	22	1
0
22	12	12	12	12	12	12	22	22	12	1
0
22	12	22	12	12	12	12	12	22	22	0
1
22	12	22	11	12	22	12	12	12	11	1
0
11	11	22	22	11	11	12	12	12	12	1
0
22	12	22	12	12	12	12	12	11	22	0
1
12	12	22	12	12	11	12	12	12	12	1
0
12	12	11	22	12	11	12	11	12	12	0
1
11	12	22	22	12	11	12	12	12	12	0
1
12	11	22	22	12	11	22	12	12	11	1
0
12	12	22	22	12	12	12	12	22	12	1
0
11	12	11	22	11	12	12	12	22	12	1
0
11	11	12	22	12	12	12	12	22	12	0
1
12	12	11	22	22	12	12	22	22	12	0
1
22	12	12	12	12	22	22	22	22	12	0
1
12	12	12	22	22	11	12	11	22	22	1
0
12	12	12	22	12	22	22	11	12	12	0
1
22	12	12	12	11	12	12	11	22	11	1
0
12	12	12	22	11	11	11	12	11	22	0
1
12	22	12	22	11	12	12	12	12	22	0
1
12	11	12	22	11	12	12	12	12	22	1
0
12	12	12	22	11	11	12	12	22	22	1
0
11	12	12	12	22	12	11	22	12	22	1
0
11	22	12	12	12	12	12	22	12	22	1
0
11	22	12	12	22	11	11	22	12	22	0
1
11	22	12	12	22	11	11	22	11	22	0
1
12	12	22	22	12	12	12	12	12	22	1
0
12	11	12	12	11	12	11	12	11	11	0
1
12	11	12	22	11	22	11	12	11	12	1
0
12	11	11	12	11	22	12	11	11	12	0
1
12	11	12	12	12	12	11	22	12	12	0
1
22	11	12	12	12	12	12	22	22	12	1
0
12	12	12	12	11	11	11	22	11	12	1
0
22	12	12	12	12	11	12	22	12	12	0
1
22	12	12	12	12	12	11	12	11	12	0
1
22	12	11	12	12	12	12	12	12	22	1
0
22	11	22	12	12	22	12	12	11	12	0
1
12	12	11	11	12	12	22	12	11	11	1
0
12	11	12	11	12	12	12	11	12	12	0
1
12	11	12	12	12	11	12	12	12	11	1
0
12	11	22	12	12	11	12	11	22	11	1
0
12	11	12	11	12	11	12	12	12	11	0
1
12	12	11	12	11	12	12	12	12	22	1
0
12	11	12	12	11	12	12	22	12	22	0
1
22	11	12	12	11	11	12	22	22	22	0
1
22	22	12	12	12	11	12	22	11	22	1
0
12	11	11	11	22	12	11	12	12	22	1
0
12	11	11	11	22	22	12	11	22	12	0
1
12	11	11	11	22	12	11	11	22	12	1
0
12	11	11	12	22	22	12	22	11	12	0
1
11	22	12	22	11	12	12	11	11	12	0
1
22	12	22	12	12	11	22	11	12	12	0
1
11	12	12	12	12	11	12	11	11	12	1
0
22	22	22	22	12	11	22	11	11	12	1
0
12	11	22	22	12	22	22	12	12	22	1
0
12	12	22	12	12	22	22	12	22	22	0
1
12	12	22	12	12	12	12	12	12	12	0
1
12	11	12	11	12	12	11	12	12	22	1
0
11	12	12	22	22	22	11	12	12	22	1
0
11	12	11	22	12	22	11	12	12	22	0
1
12	12	12	22	12	12	12	12	12	22	0
1
11	12	12	22	11	12	11	12	22	22	1
0
11	11	22	11	12	12	22	12	12	11	0
1
12	12	22	12	12	12	12	12	12	22	1
0
11	11	22	11	12	11	12	11	12	12	0
1
12	11	22	12	11	22	22	12	12	11	1
0
12	12	12	12	12	22	12	11	22	12	0
1
12	12	12	12	12	22	12	11	12	22	0
1
11	12	12	12	12	22	12	11	12	12	1
0
11	12	12	12	12	22	12	11	22	22	1
0
12	12	12	12	22	11	22	22	22	12	0
1
12	22	12	11	22	12	22	22	22	12	0
1
11	22	12	11	22	12	22	22	22	12	1
0
11	12	22	12	12	12	22	12	22	12	1
0
12	11	12	22	11	12	22	12	22	11	0
1
12	12	12	22	12	22	22	12	22	12	0
1
22	12	12	22	12	22	22	12	22	12	1
0
22	11	12	22	12	22	22	12	22	11	1
0
12	11	22	11	12	12	11	11	11	22	0
1
11	11	11	12	12	22	12	11	12	12	1
0
22	12	12	11	12	12	22	11	12	22	1
0
12	12	12	12	12	12	22	11	11	12	0
1
12	12	11	22	22	12	22	22	12	11	1
0
12	12	11	12	12	12	22	22	11	11	1
0
12	22	12	12	12	11	22	22	11	11	0
1
12	12	12	12	12	11	22	12	12	11	0
1
11	22	22	12	11	12	11	12	12	12	1
0
22	22	12	11	11	12	11	12	22	12	0
1
22	12	12	11	11	12	11	11	12	12	0
1
22	12	22	11	11	12	11	12	12	12	1
0
22	22	12	11	12	12	12	22	22	12	0
1
22	12	12	22	12	12	12	22	22	12	0
1
12	12	12	11	12	12	11	12	12	11	1
0
12	22	12	12	12	12	22	22	12	12	1
0
22	11	12	11	22	12	11	12	22	12	1
0
12	12	12	11	12	12	12	22	22	12	0
1
22	11	11	11	22	11	12	12	12	12	1
0
12	12	11	11	12	11	12	22	22	12	0
1
22	22	12	11	22	11	12	12	12	12	0
1
22	22	11	11	12	11	12	12	12	12	1
0
22	22	11	11	12	11	12	22	22	22	1
0
12	22	11	11	12	12	22	22	12	11	0
1
22	11	11	22	11	22	22	22	12	12	0
1
12	12	11	22	11	22	22	22	11	12	1
0
22	12	12	22	12	22	12	12	11	12	0
1
22	11	12	22	11	22	22	22	11	11	1
0
12	11	12	22	22	22	12	12	22	22	0
1
12	11	12	22	12	22	11	12	11	22	1
0
12	11	12	22	22	12	12	22	12	22	0
1
12	11	12	22	12	12	12	12	22	22	1
0
22	12	11	12	22	22	22	12	22	22	0
1
22	12	11	22	12	22	11	12	12	22	0
1
22	11	11	12	12	22	12	12	22	12	1
0
22	12	11	22	22	22	12	11	22	22	1
0
12	12	12	12	12	12	12	22	12	12	0
1
12	22	22	12	11	12	12	22	12	12	0
1
12	12	22	11	11	12	12	22	12	12	1
0
12	12	22	11	12	12	12	22	12	11	1
0
12	11	12	12	12	22	22	11	22	11	1
0
12	12	12	11	12	12	22	11	22	11	1
0
12	12	11	11	12	12	22	11	12	12	0
1
12	12	11	12	11	12	22	11	12	11	0
1
12	12	11	22	12	12	22	12	22	12	1
0
11	12	11	12	22	22	22	12	12	22	0
1
12	12	11	12	12	22	22	11	12	12	0
1
12	11	11	22	12	22	22	12	22	22	1
0
22	12	12	22	12	11	12	11	11	12	1
0
12	11	22	22	12	11	22	11	22	12	0
1
22	12	12	11	12	11	22	11	22	12	1
0
12	11	22	11	12	12	22	11	11	12	0
1
11	12	11	11	22	12	22	12	12	12	1
0
12	12	11	11	22	12	22	22	12	12	0
1
11	12	11	11	12	12	22	22	11	12	0
1
12	12	11	11	22	12	12	12	12	12	1
0
12	22	12	12	12	12	11	12	11	22	1
0
22	22	12	12	11	22	12	12	11	22	0
1
12	22	12	12	12	12	12	12	11	12	0
1
12	22	12	12	11	12	12	12	11	22	1
0
22	12	12	11	12	12	12	12	11	22	1
0
22	12	12	11	11	12	11	22	12	22	1
0
22	12	12	11	12	11	12	12	11	22	0
1
22	22	12	12	12	11	12	22	12	22	0
1
11	12	22	12	22	12	12	12	11	12	1
0
22	12	22	12	12	11	12	12	12	11	1
0
12	12	22	22	12	12	12	12	11	12	0
1
22	12	22	12	22	12	22	12	12	12	0
1
22	11	22	22	11	22	11	12	12	11	0
1
22	11	22	22	12	22	11	12	12	12	0
1
22	11	22	12	12	22	11	11	22	11	1
0
22	11	22	12	12	22	11	11	11	22	1
0
22	12	11	22	11	22	12	12	12	11	1
0
22	22	11	12	11	22	22	12	22	11	0
1
22	22	11	12	11	22	22	11	12	12	0
1
22	12	11	12	11	12	11	11	12	11	1
0
22	12	12	12	12	22	22	22	12	12	1
0
22	12	11	11	12	22	12	12	12	12	0
1
12	22	12	22	12	12	22	22	12	12	0
1
22	12	22	22	22	22	12	22	12	11	1
0
12	12	12	11	12	22	22	12	12	11	0
1
12	11	12	11	11	11	22	11	12	11	1
0
12	12	12	11	12	11	22	11	11	11	1
0
12	11	12	11	11	12	12	12	12	12	0
1
12	11	12	12	11	12	12	12	12	12	1
0
12	11	22	12	11	22	12	11	12	12	0
1
12	11	22	12	11	12	12	11	22	11	1
0
12	11	22	12	11	22	12	12	22	22	0
1
11	11	11	12	12	11	12	12	11	12	1
0
12	11	11	12	12	11	12	11	12	12	1
0
11	12	12	12	12	11	12	11	22	12	0
1
11	12	11	22	12	11	12	12	22	12	0
1
12	12	12	12	11	12	12	11	12	11	0
1
12	12	11	11	12	12	12	11	22	11	1
0
12	12	11	12	11	11	12	11	12	11	0
1
11	12	12	22	11	12	12	11	22	12	1
0
12	11	12	11	11	11	22	22	12	11	0
1
11	12	12	12	12	11	22	22	12	11	1
0
12	12	22	11	12	11	22	12	11	11	0
1
11	12	12	11	12	12	12	12	12	11	1
0
11	12	11	12	12	22	12	22	22	12	0
1
11	12	11	12	22	22	11	22	12	12	0
1
11	12	12	12	12	12	12	22	22	12	1
0
11	22	12	12	12	22	22	22	12	12	1
0
12	22	22	22	11	12	22	12	12	12	1
0
12	12	12	22	11	22	22	11	12	12	0
1
12	22	22	22	11	22	12	11	12	12	0
1
12	11	11	22	11	22	22	12	12	12	1
0
11	12	22	22	11	12	12	22	12	12	0
1
11	12	12	12	11	12	22	11	12	12	0
1
11	12	12	12	12	12	22	12	12	12	1
0
11	11	11	12	11	12	11	11	12	11	1
0
12	11	12	12	12	12	22	12	12	12	1
0
11	11	22	12	11	11	22	12	12	22	0
1
12	12	12	22	11	11	22	12	11	22	1
0
11	12	22	12	12	11	22	12	11	22	0
1
12	12	12	12	22	12	11	22	12	22	1
0
22	12	11	12	22	12	22	12	12	11	0
1
12	12	12	22	22	12	12	12	22	12	1
0
12	12	11	22	22	12	12	12	22	11	0
1
22	12	12	12	12	11	12	12	12	22	1
0
12	11	22	11	11	12	12	22	12	12	0
1
12	12	12	11	12	12	11	22	12	12	1
0
12	12	12	12	12	11	12	12	12	22	0
1
22	12	22	12	12	12	22	12	12	12	1
0
12	12	11	22	11	12	12	12	11	12	0
1
12	12	12	12	12	12	12	12	12	22	0
1
12	12	22	11	11	11	12	12	11	11	1
0
12	22	11	11	12	12	12	12	11	12	0
1
22	22	11	11	11	11	12	22	11	12	1
0
22	22	11	11	12	11	12	12	11	12	1
0
22	22	11	11	11	12	12	22	11	12	0
1
12	12	12	12	12	12	22	11	12	12	1
0
12	12	12	12	11	11	22	12	12	22	0
1
12	12	11	12	11	11	22	12	12	22	0
1
12	12	12	12	11	11	22	12	22	12	1
0
11	12	12	11	12	12	11	22	11	12	1
0
11	22	12	11	12	11	11	22	12	11	0
1
11	12	12	11	12	11	11	22	11	12	1
0
11	22	11	11	12	12	11	22	12	12	0
1
22	22	12	12	22	22	12	22	22	12	1
0
12	22	12	22	12	22	11	22	22	12	0
1
12	22	12	12	22	12	12	12	22	12	1
0
22	12	12	12	12	12	12	22	22	12	0
1
12	22	12	22	12	22	11	12	22	12	1
0
12	22	12	22	12	22	22	11	12	12	0
1
12	22	22	12	12	22	11	11	12	11	1
0
12	22	12	22	12	12	11	12	22	11	0
1
22	12	11	12	12	22	11	12	12	22	1
0
22	22	12	22	11	22	12	12	22	22	0
1
22	12	11	12	11	12	22	12	12	12	1
0
12	22	12	12	22	12	12	12	12	12	0
1
12	12	12	11	11	12	11	12	12	22	0
1
22	11	22	11	11	22	11	12	12	22	1
0
12	11	22	22	12	22	11	22	22	22	1
0
12	11	22	12	11	22	11	12	12	22	0
1
11	12	12	12	22	11	12	11	11	11	0
1
11	12	12	12	12	12	12	12	11	12	0
1
11	12	22	11	11	22	11	11	11	12	1
0
11	12	12	12	11	11	12	22	11	12	1
0
11	11	12	22	12	22	12	22	12	12	1
0
12	11	12	22	12	12	12	22	22	22	1
0
11	11	12	22	12	22	22	22	12	12	0
1
11	11	12	22	12	22	22	12	22	22	0
1
12	12	12	22	12	12	12	12	11	22	0
1
12	11	12	12	22	22	12	12	11	22	1
0
11	11	12	12	12	22	12	12	11	22	1
0
12	11	12	22	11	22	22	12	11	12	0
1
22	11	12	11	12	12	12	12	22	12	0
1
22	11	12	22	12	22	22	11	22	12	0
1
22	12	22	12	12	12	22	12	22	12	1
0
22	11	11	22	12	12	12	12	22	12	1
0
11	12	12	22	11	12	22	12	11	11	0
1
12	11	12	22	12	22	22	12	12	11	1
0
12	11	11	22	12	22	22	12	12	12	0
1
11	11	11	22	11	12	22	11	11	11	1
0
12	11	11	22	22	12	12	11	12	11	1
0
11	12	11	12	22	12	11	12	12	12	1
0
11	11	11	12	22	12	11	12	22	12	0
1
12	11	11	22	12	11	11	12	22	11	0
1
12	12	11	22	11	22	12	22	12	12	1
0
12	12	11	12	11	22	22	12	12	22	0
1
22	12	11	12	11	22	12	22	11	12	1
0
22	12	11	12	11	12	12	22	11	12	0
1
11	22	22	22	22	22	11	12	22	22	0
1
11	11	22	22	22	12	11	12	22	12	1
0
12	11	12	12	22	22	11	12	22	12	0
1
12	11	12	22	22	22	11	12	12	12	1
0
11	12	11	22	11	22	12	11	12	11	0
1
12	12	11	22	22	22	12	11	12	11	1
0
11	12	12	12	11	12	12	22	22	12	1
0
11	12	12	12	12	22	12	22	22	11	1
0
11	12	12	11	12	22	12	22	12	22	0
1
12	12	22	12	12	22	22	12	22	22	0
1
12	12	12	11	22	22	22	12	12	22	1
0
12	12	11	11	12	22	11	22	12	22	1
0
11	12	22	11	12	22	12	12	12	12	0
1
22	12	22	12	12	22	12	22	12	12	1
0
12	12	22	11	12	12	22	11	12	12	0
1
22	12	12	12	12	22	22	12	12	12	1
0
12	11	11	12	11	22	12	12	12	11	1
0
12	11	11	12	11	12	12	12	22	12	1
0
22	11	12	12	11	22	12	12	12	11	0
1
12	12	22	11	11	22	12	11	12	11	0
1
11	22	11	22	12	11	12	12	12	12	0
1
11	22	12	22	12	11	22	22	12	12	1
0
12	12	11	12	22	11	12	22	22	12	0
1
12	22	11	22	22	12	22	12	12	12	1
0
11	11	22	22	12	12	11	12	11	11	0
1
12	12	12	22	12	22	12	12	11	12	0
1
11	11	22	22	11	22	12	11	11	12	1
0
12	11	12	22	12	22	11	12	11	11	1
0
12	12	12	22	12	22	11	22	22	11	1
0
22	12	11	22	12	12	11	22	12	22	0
1
12	12	12	22	12	12	11	22	12	12	0
1
12	11	12	22	22	22	12	12	12	11	1
0
22	12	11	22	12	22	12	22	12	12	1
0
22	12	12	22	22	12	11	22	12	12	1
0
12	12	12	22	22	11	11	12	12	11	1
0
12	11	12	22	22	22	12	22	12	11	0
1
12	11	11	12	12	12	22	12	22	22	1
0
22	11	12	22	12	12	11	11	22	12	0
1
22	11	11	12	12	12	22	12	22	22	1
0
22	11	12	12	12	12	12	12	22	12	0
1
22	12	11	12	12	12	22	22	11	12	1
0
22	12	12	11	22	12	22	22	11	12	0
1
22	12	11	11	22	11	11	22	12	11	1
0
22	12	22	12	12	12	12	22	11	12	0
1
12	11	12	12	12	11	11	12	12	22	1
0
12	12	12	22	12	22	12	12	11	22	1
0
12	22	11	12	11	12	12	12	11	12	1
0
22	22	12	12	11	22	12	12	11	12	0
1
12	12	12	12	22	12	12	11	11	22	0
1
12	11	12	11	22	12	12	11	11	11	1
0
12	12	11	22	12	12	12	11	11	11	1
0
12	11	12	11	22	12	11	11	11	12	0
1
12	22	11	12	12	22	12	22	22	12	0
1
12	22	11	11	12	12	12	11	22	12	1
0
12	22	12	12	12	12	12	11	12	12	0
1
12	22	11	12	12	22	12	12	12	12	1
0
12	12	11	12	12	12	22	22	12	12	0
1
12	12	12	11	12	12	22	22	12	11	1
0
12	22	11	12	12	12	12	22	22	12	1
0
12	12	12	12	22	22	12	22	22	11	0
1
11	22	12	12	12	22	12	22	11	11	0
1
12	12	22	22	12	22	12	11	12	11	0
1
12	11	22	12	22	22	12	22	12	11	1
0
11	11	22	12	11	22	12	11	12	11	1
0
11	22	12	12	12	22	12	12	12	11	1
0
11	12	12	22	12	22	12	12	12	22	0
1
11	22	12	12	11	22	12	22	12	11	1
0
11	12	12	22	12	22	12	22	12	12	0
1
12	12	22	11	22	11	12	12	12	12	1
0
12	12	22	11	12	12	12	12	11	12	1
0
12	12	22	11	22	12	12	22	22	11	0
1
22	11	22	11	12	12	12	12	11	12	0
1
12	12	22	12	12	12	22	11	11	12	0
1
12	12	12	12	12	12	22	11	11	22	1
0
12	12	12	11	12	11	22	11	12	22	0
1
22	12	22	12	12	12	12	11	12	12	1
0
12	11	11	22	12	11	22	11	22	22	0
1
22	12	11	12	12	22	22	11	22	22	1
0
12	12	12	11	12	22	22	11	22	22	1
0
22	12	12	11	12	11	22	12	12	22	0
1
11	12	12	12	22	12	12	22	12	11	1
0
12	12	12	12	22	12	12	22	12	12	0
1
11	22	12	22	12	12	12	22	12	22	0
1
12	22	12	11	12	12	12	22	12	12	1
0
12	11	12	22	22	12	12	11	12	12	1
0
12	12	11	22	12	12	12	11	11	12	0
1
12	12	12	12	12	11	12	11	12	12	1
0
12	11	22	12	22	12	12	11	12	12	0
1
11	12	12	12	11	12	12	22	22	11	0
1
11	12	12	12	11	11	22	12	12	12	0
1
11	12	12	12	11	11	12	12	12	11	1
0
12	22	12	12	11	12	12	12	12	12	1
0
11	12	12	12	11	11	11	11	12	22	1
0
12	12	22	22	11	11	22	22	11	22	0
1
12	11	12	22	11	11	22	12	11	22	1
0
11	12	22	12	12	12	11	12	12	22	0
1
22	12	12	11	22	22	11	12	12	22	0
1
22	11	12	11	12	22	12	12	12	22	1
0
12	11	12	12	22	22	12	12	12	22	0
1
22	12	12	11	22	12	11	12	12	12	1
0
12	12	11	11	22	12	11	12	22	12	1
0
12	12	11	12	12	12	12	12	12	22	0
1
11	12	11	11	22	22	12	22	12	22	1
0
12	22	11	12	22	11	11	12	12	12	0
1
11	12	12	12	12	12	12	11	22	11	1
0
11	12	12	12	12	12	12	11	22	22	0
1
11	12	22	12	12	12	12	11	22	12	1
0
12	12	12	12	12	12	12	12	22	22	0
1
11	12	22	22	12	12	12	12	22	11	1
0
12	12	12	12	11	12	11	12	22	12	0
1
11	12	12	12	11	12	22	12	22	12	0
1
11	12	11	22	11	12	12	12	22	12	1
0
12	22	12	12	11	12	12	12	22	12	1
0
12	11	12	11	11	11	11	12	22	12	0
1
22	12	12	12	12	11	11	12	22	12	0
1
22	12	12	12	12	12	12	12	22	12	1
0
12	22	12	12	12	12	22	12	12	22	1
0
12	12	12	12	22	22	12	11	12	22	0
1
12	22	22	12	11	22	12	12	11	22	1
0
12	22	22	12	11	12	12	22	11	12	0
1
22	11	11	11	11	22	22	12	12	12	0
1
12	11	11	11	11	12	12	22	22	11	1
0
12	11	11	11	11	12	22	12	12	11	1
0
12	11	12	11	11	22	12	12	12	12	1
0
12	11	11	12	22	12	11	12	11	12	0
1
11	11	11	12	12	12	11	11	12	12	1
0
11	11	12	12	11	12	12	11	11	12	0
1
12	11	11	22	11	12	12	11	11	12	1
0
12	22	12	12	12	12	11	22	11	11	1
0
12	22	11	22	11	12	11	22	11	12	1
0
12	22	11	12	11	12	11	22	11	12	0
1
12	22	12	12	11	22	11	22	12	12	0
1
12	22	22	12	12	12	22	22	12	12	1
0
11	22	22	12	12	12	22	11	12	11	0
1
11	11	12	22	12	12	22	11	12	12	0
1
11	12	22	22	12	12	22	12	22	11	1
0
12	22	22	11	12	11	12	12	11	22	1
0
22	12	12	11	11	11	22	22	11	12	1
0
12	12	22	11	12	12	22	22	11	12	0
1
22	12	22	12	12	11	22	22	12	22	1
0
11	12	12	22	12	22	12	22	11	22	0
1
12	12	12	22	12	22	12	22	12	22	0
1
11	12	11	12	12	22	11	22	11	22	1
0
11	12	22	22	12	22	22	22	12	22	1
0
12	12	22	12	12	12	22	12	12	12	1
0
22	12	11	12	22	22	22	11	22	12	0
1
22	12	12	12	12	12	12	12	12	12	0
1
12	11	12	12	22	12	22	12	12	12	1
0
22	12	12	12	22	12	12	11	12	11	1
0
12	12	11	12	12	12	12	11	22	11	1
0
22	11	12	12	22	12	22	11	12	11	0
1
12	11	11	12	22	12	12	11	22	22	0
1
11	22	22	12	22	12	11	22	22	12	0
1
11	12	22	11	12	12	12	12	22	12	0
1
11	12	12	11	12	11	11	11	22	12	1
0
11	22	22	12	12	12	11	11	12	11	1
0
12	22	12	11	22	12	12	12	22	11	0
1
12	22	12	11	22	12	11	12	22	12	1
0
12	22	22	12	12	11	12	12	12	12	0
1
12	22	22	12	11	12	12	12	12	11	1
0
12	12	22	22	12	11	12	12	12	22	1
0
12	11	22	22	12	11	12	11	22	11	1
0
12	22	22	22	12	11	22	12	12	22	0
1
12	22	22	22	12	11	12	11	12	11	1
0
12	12	12	22	11	22	11	11	12	12	0
1
12	11	12	12	11	22	11	12	12	11	1
0
11	12	12	12	11	22	11	11	22	11	1
0
12	12	22	12	11	22	12	11	12	11	0
1
11	11	11	22	12	12	22	11	12	22	0
1
11	12	12	22	12	12	12	22	22	22	0
1
12	11	11	22	12	12	12	12	12	22	1
0
11	12	11	22	12	11	12	12	22	12	1
0
22	22	12	22	12	11	11	11	11	12	1
0
22	11	12	12	12	11	12	11	11	12	0
1
22	12	12	22	12	11	22	12	11	22	1
0
22	12	12	22	12	12	11	11	11	12	0
1
11	12	22	22	12	22	12	22	22	12	0
1
11	12	22	22	12	12	11	22	12	22	0
1
11	12	22	22	22	12	11	12	22	22	1
0
11	12	22	22	12	11	11	22	22	22	1
0
12	12	22	12	12	12	11	12	12	12	1
0
11	12	11	12	12	12	12	12	12	12	1
0
12	11	12	12	11	12	12	12	12	12	0
1
11	12	11	12	12	22	12	12	12	12	0
1
12	22	11	11	22	11	22	22	11	11	0
1
22	12	11	11	11	12	12	22	11	11	1
0
22	22	11	11	12	12	12	22	11	12	0
1
12	22	11	11	12	11	22	22	11	11	1
0
12	11	11	12	12	11	12	12	22	22	1
0
12	11	12	22	12	11	12	12	22	12	0
1
12	11	11	12	12	12	12	12	12	22	0
1
12	11	12	22	12	12	12	11	12	22	1
0
22	12	12	12	12	11	11	12	22	11	1
0
12	12	12	12	11	22	12	12	12	12	1
0
12	12	12	12	12	12	11	12	12	12	0
1
22	12	12	12	12	22	22	11	12	12	1
0
22	12	22	12	11	22	12	12	12	12	0
1
22	12	12	12	11	22	12	12	12	12	1
0
22	12	12	11	11	22	12	12	12	12	1
0
22	12	22	12	11	12	12	12	12	12	0
1
22	12	12	22	12	12	12	22	22	12	0
1
11	11	12	12	12	12	11	22	22	12	1
0
12	12	12	22	12	12	11	22	12	12	0
1
12	11	12	22	11	12	12	22	12	12	1
0
12	11	11	22	11	22	22	12	22	22	1
0
11	12	12	12	11	22	22	11	12	22	0
1
11	12	12	22	12	22	22	12	12	22	0
1
11	12	12	12	12	22	12	22	12	12	1
0
12	22	11	22	22	11	12	11	12	12	1
0
22	12	11	22	12	11	12	11	22	12	1
0
11	12	12	22	22	11	22	11	12	22	0
1
12	12	11	22	12	11	12	11	12	12	0
1
22	11	12	12	12	12	11	22	22	22	0
1
12	11	11	11	12	11	11	11	22	22	1
0
12	12	11	11	12	12	12	12	12	22	0
1
12	12	12	11	22	12	11	22	22	22	1
0
12	12	22	12	12	12	12	22	12	12	0
1
22	12	22	22	12	12	22	22	11	12	1
0
12	12	22	11	12	12	12	22	12	22	1
0
11	22	22	12	12	12	22	22	11	12	0
1
12	22	11	12	22	22	12	22	12	12	0
1
12	22	12	12	22	22	12	12	12	22	1
0
12	22	12	12	22	22	11	22	12	12	1
0
22	22	12	12	22	22	12	12	12	12	0
1
12	12	12	11	12	12	12	11	12	12	1
0
22	12	12	11	12	12	12	11	11	12	1
0
12	12	12	11	12	22	12	12	11	12	0
1
12	12	12	11	22	12	12	11	12	12	0
1
12	22	12	22	22	22	22	12	12	11	1
0
12	22	12	22	12	22	12	12	11	11	1
0
12	12	12	22	22	22	22	11	12	12	0
1
12	11	12	12	12	22	12	11	11	11	0
1
12	11	12	22	12	22	11	22	12	22	0
1
12	11	12	22	12	22	12	12	12	22	1
0
11	12	12	12	22	22	11	22	12	12	1
0
12	12	12	22	12	22	11	12	12	12	0
1
12	22	11	11	12	11	22	11	22	12	1
0
12	22	12	12	11	12	12	11	22	12	0
1
12	22	12	12	11	12	12	11	22	12	0
1
12	22	11	11	12	11	12	11	22	12	1
0
12	12	22	12	12	22	11	12	11	22	0
1
22	22	22	22	12	22	11	12	12	12	0
1
12	22	22	22	22	22	11	22	12	22	1
0
12	22	11	12	11	22	11	12	12	12	1
0
12	12	22	12	11	12	11	12	12	12	0
1
11	12	22	22	11	12	11	22	12	12	0
1
11	12	22	11	11	12	11	12	12	12	1
0
12	11	12	22	11	12	12	22	12	22	1
0
12	22	11	12	12	12	12	11	22	22	1
0
22	12	12	12	12	22	12	12	12	12	0
1
12	12	12	12	22	12	12	11	12	22	0
1
12	12	11	12	12	22	11	12	12	22	1
0
22	12	22	12	11	12	22	12	22	12	1
0
22	22	22	22	12	11	12	22	22	11	0
1
12	11	22	12	11	12	12	12	11	12	0
1
22	12	22	22	12	11	12	22	12	12	1
0
12	12	22	12	12	12	11	12	12	12	1
0
12	12	12	12	11	22	22	12	12	12	0
1
12	22	12	12	22	22	22	12	22	22	1
0
12	22	22	12	12	22	22	12	12	22	0
1
11	12	22	12	22	22	12	22	11	12	1
0
11	11	22	11	22	12	12	22	11	22	1
0
11	22	22	11	22	12	12	22	22	22	0
1
12	22	22	11	22	12	12	22	12	12	0
1
11	12	22	22	11	12	12	12	22	22	1
0
11	12	12	22	11	12	12	12	22	12	0
1
12	22	22	22	11	12	12	12	22	12	1
0
11	22	22	22	11	12	12	11	22	12	0
1
12	11	22	12	22	12	22	12	12	12	1
0
12	12	12	22	22	11	22	12	22	22	1
0
22	11	22	22	22	11	22	12	12	12	0
1
11	11	12	22	22	11	22	12	12	11	0
1
11	22	12	11	22	12	12	11	12	22	0
1
11	22	22	11	12	12	11	12	11	22	1
0
12	22	12	12	12	12	11	11	11	22	1
0
11	22	11	12	22	11	11	12	12	22	0
1
11	12	11	11	11	12	11	11	11	22	0
1
12	11	12	11	12	11	11	11	11	22	0
1
12	12	12	11	12	22	11	11	12	12	1
0
11	12	12	11	12	12	11	11	12	12	1
0
12	12	12	11	12	11	11	22	12	11	0
1
22	12	11	11	12	11	11	22	12	11	0
1
22	12	11	11	12	12	11	12	12	11	1
0
22	11	12	11	12	11	11	22	11	11	1
0
11	12	12	12	11	12	22	22	12	12	0
1
11	12	12	11	12	22	22	22	12	12	1
0
11	12	11	12	12	22	22	12	12	12	1
0
11	12	22	12	12	12	12	11	22	12	0
1
11	11	12	12	12	12	11	11	12	22	1
0
11	11	11	12	22	12	11	12	12	22	0
1
12	11	12	12	12	11	11	11	12	22	0
1
12	11	22	12	22	11	11	22	12	22	1
0
12	12	12	11	11	12	12	12	22	22	0
1
12	22	12	12	12	11	12	12	22	22	1
0
12	12	12	11	12	11	22	12	22	22	1
0
12	22	12	12	12	11	12	11	22	12	0
1
12	12	22	12	12	12	11	12	11	12	0
1
22	12	12	12	12	12	11	22	12	12	1
0
22	12	12	11	12	11	22	11	11	12	0
1
12	12	22	12	12	11	11	12	11	12	1
0
11	12	11	22	11	11	11	12	11	12	0
1
11	12	11	12	12	11	11	12	11	22	1
0
12	11	11	22	11	11	11	12	12	12	0
1
12	11	12	12	11	11	11	12	12	12	1
0
12	11	11	12	12	12	12	12	11	22	0
1
12	12	11	11	11	11	12	12	22	22	1
0
22	11	12	11	12	12	12	12	12	22	0
1
11	12	12	11	12	12	12	12	11	22	1
0
12	22	11	22	11	22	12	22	12	12	1
0
12	12	12	22	12	12	11	11	12	22	1
0
12	12	12	22	11	22	12	11	12	12	0
1
22	22	12	22	11	22	22	12	12	12	0
1
12	12	12	12	12	12	22	11	12	11	0
1
12	11	12	11	12	12	12	11	11	11	1
0
22	12	22	12	12	12	22	12	11	11	0
1
22	12	12	12	12	22	12	12	12	11	1
0
12	22	11	22	12	12	12	12	12	12	0
1
22	12	11	12	11	11	12	12	12	12	0
1
12	22	12	12	12	12	12	12	12	12	1
0
22	22	12	11	11	11	12	12	22	12	1
0
12	11	12	11	11	12	12	22	12	22	0
1
12	11	11	12	11	12	11	12	12	12	0
1
12	12	22	12	11	22	12	12	12	22	1
0
12	12	12	11	11	22	11	11	12	22	1
0
12	22	12	11	12	22	12	22	11	12	1
0
12	22	12	12	12	12	12	12	11	12	0
1
12	22	12	12	12	12	22	22	11	12	1
0
12	22	22	11	12	12	12	12	11	12	0
1
12	12	12	12	22	12	22	12	12	12	1
0
12	22	11	22	12	12	22	12	12	12	1
0
12	22	11	12	12	12	22	12	12	12	0
1
12	12	12	22	11	12	22	11	12	11	0
1
11	11	11	11	11	11	12	12	12	22	1
0
11	12	12	11	11	11	11	12	12	22	0
1
12	11	12	12	12	11	12	12	12	22	0
1
12	11	22	12	12	11	22	12	22	12	1
0
11	12	12	12	11	22	11	22	11	12	1
0
11	12	12	12	11	12	22	11	12	22	1
0
12	12	12	11	11	22	12	22	11	22	1
0
11	22	12	12	11	12	11	22	22	12	0
1
12	22	22	22	12	12	22	11	22	12	0
1
12	12	22	12	12	12	22	11	12	12	0
1
12	22	22	22	22	12	22	12	12	12	1
0
12	22	22	22	22	22	22	11	12	22	1
0
11	12	12	11	22	12	12	12	22	12	1
0
11	11	12	11	12	22	12	11	22	12	1
0
12	11	12	11	22	11	12	12	12	22	0
1
11	12	11	11	22	12	12	11	12	22	1
0
22	12	22	22	12	11	12	22	12	12	1
0
12	12	22	11	12	11	12	12	11	11	0
1
22	12	22	12	12	11	12	22	11	11	0
1
12	12	22	22	12	22	12	12	11	12	1
0
12	12	12	22	12	12	12	12	12	22	1
0
22	12	12	22	12	12	11	12	11	22	1
0
12	12	12	22	22	12	12	12	11	22	0
1
11	12	12	22	12	12	12	12	12	22	0
1
22	22	12	12	11	22	12	22	22	12	1
0
22	12	12	12	12	12	12	22	12	12	1
0
12	12	12	12	11	22	22	22	12	22	0
1
22	22	12	22	11	12	12	22	22	22	0
1
12	22	12	12	11	22	11	22	22	12	1
0
12	11	12	22	11	12	11	22	22	12	1
0
22	12	12	22	11	12	11	22	22	12	0
1
12	12	12	22	11	22	11	22	22	11	0
1
12	22	12	22	12	11	12	12	12	12	1
0
12	22	12	22	22	11	12	11	11	12	1
0
12	11	11	12	12	11	12	12	11	11	1
0
12	22	12	22	22	11	12	11	11	12	0
1
12	12	11	12	12	22	12	12	12	12	0
1
12	12	12	11	12	22	12	12	12	11	1
0
12	11	11	11	12	22	12	12	12	12	1
0
12	12	12	12	12	22	22	12	22	12	0
1
12	22	12	11	11	11	12	22	11	12	1
0
12	22	12	11	11	11	12	22	11	12	1
0
12	22	22	11	11	11	12	22	12	11	0
1
12	12	12	11	11	11	22	22	12	11	1
0
22	11	22	12	12	12	12	12	11	12	1
0
22	11	22	11	22	12	12	12	11	12	0
1
12	11	12	12	12	12	11	12	12	11	0
1
12	11	12	12	11	12	12	11	12	12	1
0
12	12	12	12	12	11	11	22	11	12	0
1
12	12	12	12	12	11	12	22	11	12	0
1
11	12	22	12	11	11	12	12	11	12	1
0
22	22	12	11	12	11	12	22	12	12	1
0
11	22	12	12	12	11	22	12	12	12	0
1
12	22	12	12	22	11	12	11	22	12	0
1
12	22	12	12	12	11	12	12	22	12	1
0
11	22	11	22	12	11	12	12	22	12	1
0
11	12	12	22	12	12	12	12	12	12	1
0
12	12	12	11	11	11	11	12	22	12	0
1
11	22	12	12	12	12	11	12	22	11	0
1
12	22	12	12	11	11	11	12	22	11	1
0
22	11	12	22	12	12	12	11	22	12	0
1
22	11	11	22	12	12	12	12	12	12	1
0
22	11	12	12	12	11	12	12	12	11	0
1
22	12	12	12	12	11	12	12	11	22	1
0
12	12	12	12	12	12	11	12	12	12	0
1
11	12	11	22	22	12	12	12	22	12	0
1
11	12	11	12	11	12	11	12	12	22	1
0
11	12	11	12	22	11	11	12	22	12	1
0
12	12	11	22	22	12	11	12	11	22	0
1
22	12	11	12	22	11	11	12	11	11	1
0
12	12	11	11	22	11	12	12	22	11	0
1
12	12	11	22	22	11	11	12	22	12	1
0
22	12	11	22	12	12	12	22	12	12	0
1
22	12	11	11	11	22	12	22	12	22	1
0
12	12	11	11	22	22	12	22	12	22	0
1
12	12	11	22	22	22	12	12	11	22	1
0
22	11	11	12	22	22	12	12	22	12	1
0
22	11	11	22	12	22	11	12	12	12	1
0
12	12	11	22	12	22	12	12	12	12	0
1
22	12	11	12	22	22	12	12	12	12	0
1
22	12	12	11	22	22	11	22	12	11	1
0
22	12	12	11	12	22	11	11	12	11	1
0
12	22	12	11	11	22	11	11	22	12	1
0
22	22	12	11	22	22	11	22	12	11	0
1
11	12	12	11	11	11	12	12	11	12	1
0
11	12	12	11	11	12	11	12	12	12	0
1
12	12	22	11	11	11	12	12	11	12	0
1
12	12	12	11	11	12	11	11	12	12	1
0
12	11	11	22	22	12	12	22	11	11	1
0
22	11	12	22	22	11	12	22	12	12	0
1
12	11	11	22	12	11	11	12	12	11	1
0
12	11	11	22	22	12	11	22	12	12	0
1
12	22	11	11	22	12	22	22	22	12	1
0
12	22	12	11	12	12	12	12	11	12	0
1
22	22	12	11	11	12	12	12	12	12	1
0
12	12	12	12	12	12	12	22	12	12	0
1
12	11	12	11	11	12	11	12	12	22	0
1
22	12	12	11	12	11	12	12	11	11	1
0
11	12	22	11	11	12	11	12	11	12	1
0
22	12	12	11	11	12	11	12	12	11	1
0
12	11	22	12	12	12	12	12	22	12	1
0
12	12	22	11	22	12	12	22	22	11	0
1
22	11	22	11	12	12	12	22	12	12	0
1
12	11	22	12	12	11	12	22	12	12	1
0
12	12	11	12	12	12	12	11	11	22	0
1
11	12	11	12	11	12	12	12	12	22	1
0
22	12	12	12	11	12	12	11	22	22	1
0
22	11	11	12	11	12	12	12	22	22	0
1
12	11	12	22	12	22	22	22	11	11	0
1
12	22	12	22	12	22	22	12	22	12	0
1
12	22	12	22	11	22	22	12	11	11	1
0
22	11	12	22	11	22	22	12	11	11	1
0
22	11	22	11	22	11	11	11	12	12	0
1
22	11	22	11	22	12	12	11	12	22	1
0
22	11	22	11	22	11	12	11	12	22	1
0
12	11	12	11	22	12	12	11	12	12	0
1
11	22	12	22	12	12	22	12	22	11	0
1
11	22	22	11	12	22	22	12	22	22	0
1
22	12	12	22	22	22	22	11	22	11	1
0
12	12	22	22	11	12	12	12	22	12	1
0
12	11	12	12	12	11	11	12	22	22	1
0
12	12	22	22	12	12	11	12	12	22	0
1
11	12	12	22	12	12	11	12	22	22	1
0
12	12	12	22	12	12	11	12	22	22	0
1
11	11	12	12	22	11	11	12	12	22	0
1
11	11	11	22	11	11	12	12	12	22	1
0
11	12	11	22	12	11	12	12	12	12	1
0
11	11	12	12	22	11	12	12	22	12	0
1
11	11	12	12	22	12	22	12	22	12	0
1
11	11	11	22	22	12	12	12	22	11	0
1
12	11	12	11	22	22	12	11	22	12	1
0
12	11	22	12	22	11	12	22	22	12	1
0
22	11	11	22	11	12	12	11	12	12	0
1
22	12	11	12	11	22	12	11	22	11	1
0
12	12	12	12	11	22	12	11	12	11	0
1
12	22	11	22	11	22	12	11	12	12	1
0
