affection
0.048908871539730225
-0.048908871539730225
0.27005499676207356
-0.27005499676207356
0.019451692393376407
-0.019451692393376407
0.037910101162775156
-0.037910101162775156
0.0012914515936665039
-0.0012914515936665039
0.08004041969723352
-0.08004041969723352
0.06878722753348843
-0.06878722753348843
0.7431927876933471
-0.7431927876933471
0.0083906530266038
-0.0083906530266038
0.014013614930992735
-0.014013614930992735
0.09533016721980825
-0.09533016721980825
0.008497980788571668
-0.008497980788571668
0.7213179045088262
-0.7213179045088262
0.27497133934934215
-0.27497133934934215
0.06442805289793285
-0.06442805289793285
0.052423867432929594
-0.052423867432929594
0.6972443976736838
-0.6972443976736838
0.026485675717941803
-0.026485675717941803
0.9686608795811271
-0.9686608795811271
0.17678650762587977
-0.17678650762587977
0.3175666913995542
-0.3175666913995542
0.018139474808387734
-0.018139474808387734
0.03981299121206372
-0.03981299121206372
0.21262013758279852
-0.21262013758279852
0.03690875272023575
-0.03690875272023575
0.050172539518939074
-0.050172539518939074
0.2044537933230418
-0.2044537933230418
0.7893526168891962
-0.7893526168891962
0.05200755300155302
-0.05200755300155302
0.08039566613697202
-0.08039566613697202
0.037217882860590135
-0.037217882860590135
0.9024313524357653
-0.9024313524357653
0.625817345235905
-0.625817345235905
0.18155018600236528
-0.18155018600236528
0.010636650692067984
-0.010636650692067984
0.18046410903279708
-0.18046410903279708
0.14043275353816187
-0.14043275353816187
0.4710937418883798
-0.4710937418883798
0.020110653443514814
-0.020110653443514814
0.12895913956243332
-0.12895913956243332
0.10125954619440358
-0.10125954619440358
0.24084901394417735
-0.24084901394417735
0.9463613492357099
-0.9463613492357099
0.18638851771411624
-0.18638851771411624
0.2706771767535916
-0.2706771767535916
0.0016854625650547517
-0.0016854625650547517
0.3886493942591275
-0.3886493942591275
0.4869641430937416
-0.4869641430937416
0.7735144828574976
-0.7735144828574976
0.04104523207734778
-0.04104523207734778
0.0385364529551091
-0.0385364529551091
0.005421345978478209
-0.005421345978478209
0.010915204968267367
-0.010915204968267367
0.046906762299381066
-0.046906762299381066
0.43183852967232783
-0.43183852967232783
0.027372364177896902
-0.027372364177896902
0.035143870700360846
-0.035143870700360846
0.19495805805215594
-0.19495805805215594
0.09663318384672925
-0.09663318384672925
5.825807230936952E-4
-5.825807230936952E-4
0.5628207645852553
-0.5628207645852553
0.5989160966309136
-0.5989160966309136
0.04556802301683571
-0.04556802301683571
0.038387948256422444
-0.038387948256422444
0.1016022057048922
-0.1016022057048922
0.17255646795667723
-0.17255646795667723
0.048891903343487364
-0.048891903343487364
0.04701350745059496
-0.04701350745059496
0.028320142937655612
-0.028320142937655612
0.4492336892821893
-0.4492336892821893
0.007802776080587437
-0.007802776080587437
0.09056893186838633
-0.09056893186838633
0.13813285283993149
-0.13813285283993149
0.006200019787016564
-0.006200019787016564
0.7588118938715669
-0.7588118938715669
0.015652560599310972
-0.015652560599310972
0.012487910521532197
-0.012487910521532197
0.23198911845223225
-0.23198911845223225
0.12628543681983473
-0.12628543681983473
0.20352399086116912
-0.20352399086116912
0.04532125295742728
-0.04532125295742728
0.5447112071937249
-0.5447112071937249
5.003550274587099E-4
-5.003550274587099E-4
0.10183464636798423
-0.10183464636798423
0.07289094936432639
-0.07289094936432639
0.020194544754838062
-0.020194544754838062
0.0959822681875705
-0.0959822681875705
0.0016166415770981768
-0.0016166415770981768
0.004294697697951655
-0.004294697697951655
0.5942860268972658
-0.5942860268972658
0.4906184581504168
-0.4906184581504168
0.12403760796493679
-0.12403760796493679
0.018667568516251842
-0.018667568516251842
0.1362617305805538
-0.1362617305805538
0.047356486209290005
-0.047356486209290005
0.008451634488924942
-0.008451634488924942
0.0023066714882780115
-0.0023066714882780115
0.02988621770097566
-0.02988621770097566
0.0019146304383980128
-0.0019146304383980128
0.0035206074332262416
-0.0035206074332262416
9.354376190716662E-4
-9.354376190716662E-4
0.476090856745243
-0.476090856745243
0.025024126134830738
-0.025024126134830738
0.05922565477727848
-0.05922565477727848
0.4162244498762576
-0.4162244498762576
0.011431778544790272
-0.011431778544790272
4.6259775561163785E-4
-4.6259775561163785E-4
0.19795046097757008
-0.19795046097757008
0.09343603966557223
-0.09343603966557223
0.062335662473901765
-0.062335662473901765
0.050197899985441996
-0.050197899985441996
0.04909638492384527
-0.04909638492384527
0.09335497034885964
-0.09335497034885964
0.4154471158709885
-0.4154471158709885
0.014881315794813221
-0.014881315794813221
0.10058421771478887
-0.10058421771478887
0.14819880342533254
-0.14819880342533254
0.033215517470095435
-0.033215517470095435
0.5962515208722025
-0.5962515208722025
0.2772025843403766
-0.2772025843403766
0.18958204590574324
-0.18958204590574324
0.022903446828137608
-0.022903446828137608
0.08671579581235511
-0.08671579581235511
0.025078203142060995
-0.025078203142060995
0.055823775544015186
-0.055823775544015186
0.2787838800196666
-0.2787838800196666
0.01362108376526694
-0.01362108376526694
0.44233217346912024
-0.44233217346912024
0.10777309523265266
-0.10777309523265266
0.01580897260931513
-0.01580897260931513
0.04148558535614111
-0.04148558535614111
0.07664904139674067
-0.07664904139674067
0.06712503167663508
-0.06712503167663508
0.7386092986439867
-0.7386092986439867
0.0278169858651528
-0.0278169858651528
0.02821362756577439
-0.02821362756577439
0.19462690172906305
-0.19462690172906305
0.02747910731995329
-0.02747910731995329
0.0012929276260500444
-0.0012929276260500444
0.04078860635709369
-0.04078860635709369
0.7328697853001602
-0.7328697853001602
0.1744916224557551
-0.1744916224557551
0.14540661737972405
-0.14540661737972405
0.012571152483922932
-0.012571152483922932
4.5528638874015037E-4
-4.5528638874015037E-4
0.03882189518206969
-0.03882189518206969
0.32153065612606024
-0.32153065612606024
0.655842637645352
-0.655842637645352
0.08450350100952386
-0.08450350100952386
0.03033028760972245
-0.03033028760972245
0.014873876110940043
-0.014873876110940043
0.1895164901792339
-0.1895164901792339
0.25061270697015214
-0.25061270697015214
0.2117197962629821
-0.2117197962629821
0.1285467579431665
-0.1285467579431665
0.25018846941341544
-0.25018846941341544
0.09591489644322038
-0.09591489644322038
3.381349980899895E-4
-3.381349980899895E-4
0.7583664484810073
-0.7583664484810073
0.03171273554139942
-0.03171273554139942
0.4662536347110602
-0.4662536347110602
0.8482730445721213
-0.8482730445721213
0.02456328699729271
-0.02456328699729271
0.19030361891256087
-0.19030361891256087
0.12230059142042082
-0.12230059142042082
0.3340584236869194
-0.3340584236869194
0.0038396301464234117
-0.0038396301464234117
0.034127973373611176
-0.034127973373611176
0.9398050516855112
-0.9398050516855112
0.5970147620494425
-0.5970147620494425
0.14244527077632574
-0.14244527077632574
0.05332181520952872
-0.05332181520952872
0.42123214364114403
-0.42123214364114403
0.804289008388025
-0.804289008388025
0.06688653331594951
-0.06688653331594951
0.6142299574462087
-0.6142299574462087
0.02140473158810796
-0.02140473158810796
0.9551913952085278
-0.9551913952085278
0.10874605192053133
-0.10874605192053133
0.15924626047967172
-0.15924626047967172
0.03338765903772045
-0.03338765903772045
0.5123367759190314
-0.5123367759190314
0.12522395913064543
-0.12522395913064543
0.0069331056501829025
-0.0069331056501829025
0.40442323019928517
-0.40442323019928517
0.019386505015935862
-0.019386505015935862
0.3827048823004927
-0.3827048823004927
0.06365348780500713
-0.06365348780500713
0.14552041216339928
-0.14552041216339928
0.135810356050598
-0.135810356050598
0.2751930790435687
-0.2751930790435687
0.26624742629719333
-0.26624742629719333
0.07425032493539829
-0.07425032493539829
0.28484416853333117
-0.28484416853333117
0.4092888030393317
-0.4092888030393317
0.09804854137957508
-0.09804854137957508
0.06781498773560946
-0.06781498773560946
0.02082054989333837
-0.02082054989333837
0.05655539439463464
-0.05655539439463464
0.1788745989908992
-0.1788745989908992
0.16937950646502398
-0.16937950646502398
0.030240185831945987
-0.030240185831945987
0.8090243960865992
-0.8090243960865992
0.20404942861755615
-0.20404942861755615
0.06801743825597162
-0.06801743825597162
0.13848792589654346
-0.13848792589654346
0.21896837840878514
-0.21896837840878514
0.4664345100131354
-0.4664345100131354
0.0668296188452232
-0.0668296188452232
0.00729438285844386
-0.00729438285844386
0.03440638469454016
-0.03440638469454016
0.023325231458474205
-0.023325231458474205
0.06903907366124795
-0.06903907366124795
0.03557936680714091
-0.03557936680714091
0.04964957897658451
-0.04964957897658451
0.03489217633262143
-0.03489217633262143
0.3664494436689256
-0.3664494436689256
0.026340390856413265
-0.026340390856413265
0.5694683825514865
-0.5694683825514865
0.2867802261518635
-0.2867802261518635
0.47151879874148617
-0.47151879874148617
3.2277406390202046E-4
-3.2277406390202046E-4
0.15376932366382712
-0.15376932366382712
3.9957924059863537E-4
-3.9957924059863537E-4
0.009825978432075111
-0.009825978432075111
0.03510143803650945
-0.03510143803650945
0.013227950231972319
-0.013227950231972319
0.7210656819104087
-0.7210656819104087
0.062285020675817426
-0.062285020675817426
0.1241655806456482
-0.1241655806456482
0.03415409002338088
-0.03415409002338088
0.12026174298851389
-0.12026174298851389
0.017704565635187297
-0.017704565635187297
0.4588318273303458
-0.4588318273303458
0.23112254087878803
-0.23112254087878803
0.9060269501950624
-0.9060269501950624
0.0018284781243000925
-0.0018284781243000925
0.051830880867846374
-0.051830880867846374
0.38523249110861146
-0.38523249110861146
0.7034076103809412
-0.7034076103809412
0.0028073224079316894
-0.0028073224079316894
0.2844695619032297
-0.2844695619032297
0.026991418981862192
-0.026991418981862192
0.008051632298660794
-0.008051632298660794
0.7409496079353537
-0.7409496079353537
0.8250991536817694
-0.8250991536817694
0.01933503569314654
-0.01933503569314654
0.16193692059989528
-0.16193692059989528
0.009731484451533379
-0.009731484451533379
0.043326552156702
-0.043326552156702
0.03898652561914384
-0.03898652561914384
0.04741199947073649
-0.04741199947073649
0.033510108988718756
-0.033510108988718756
0.00403656159053889
-0.00403656159053889
0.06586818834347219
-0.06586818834347219
0.059132384997155785
-0.059132384997155785
0.0049857466606960665
-0.0049857466606960665
0.3681950148439659
-0.3681950148439659
0.08794681790919945
-0.08794681790919945
0.08987726681331043
-0.08987726681331043
0.16433788485217538
-0.16433788485217538
0.08912053242224027
-0.08912053242224027
0.3449894263352733
-0.3449894263352733
0.01235395865992961
-0.01235395865992961
0.08134634196292057
-0.08134634196292057
0.0196584653307863
-0.0196584653307863
0.0040224989907174935
-0.0040224989907174935
0.14535464374713603
-0.14535464374713603
0.06512216667393489
-0.06512216667393489
0.05560907883589439
-0.05560907883589439
0.010903351107892978
-0.010903351107892978
0.7023877474977516
-0.7023877474977516
0.09399003640913917
-0.09399003640913917
0.0013383213422378804
-0.0013383213422378804
0.946034855135606
-0.946034855135606
0.003731149337154571
-0.003731149337154571
0.03138665543571462
-0.03138665543571462
0.03422166987556541
-0.03422166987556541
0.7386256270957613
-0.7386256270957613
0.9436813842654529
-0.9436813842654529
0.597218625737606
-0.597218625737606
0.08376834612359674
-0.08376834612359674
0.002857353536422136
-0.002857353536422136
0.32162196265226894
-0.32162196265226894
0.026479111523608934
-0.026479111523608934
0.05235027387140956
-0.05235027387140956
0.08881320399639181
-0.08881320399639181
0.1161444867402297
-0.1161444867402297
0.1459413677331094
-0.1459413677331094
0.4248684429121534
-0.4248684429121534
0.00759425242050582
-0.00759425242050582
0.004874516951110963
-0.004874516951110963
0.6844827071144526
-0.6844827071144526
0.0033546329072691172
-0.0033546329072691172
0.0133063057814925
-0.0133063057814925
0.07030321893704672
-0.07030321893704672
0.013391461540223082
-0.013391461540223082
0.21270199744490326
-0.21270199744490326
0.0048702830922264795
-0.0048702830922264795
0.1570074964305952
-0.1570074964305952
0.14368528878518683
-0.14368528878518683
0.15721514888746924
-0.15721514888746924
0.5155859659530877
-0.5155859659530877
0.025797067712780786
-0.025797067712780786
0.0709270501482897
-0.0709270501482897
0.06412269249576641
-0.06412269249576641
0.0348297496069111
-0.0348297496069111
0.3176665436584718
-0.3176665436584718
0.06410097715590912
-0.06410097715590912
0.19415534000576185
-0.19415534000576185
0.6634083322795519
-0.6634083322795519
0.05946167065475849
-0.05946167065475849
0.02173031507978218
-0.02173031507978218
0.047849645522171746
-0.047849645522171746
0.03624006260195001
-0.03624006260195001
0.11436090008072075
-0.11436090008072075
0.9565856719680466
-0.9565856719680466
0.00426415360308019
-0.00426415360308019
0.10876649855852827
-0.10876649855852827
0.09667354007968021
-0.09667354007968021
0.05730313583606461
-0.05730313583606461
0.028691302674653807
-0.028691302674653807
0.8699315322765963
-0.8699315322765963
0.0038857846316273648
-0.0038857846316273648
0.45641690094809917
-0.45641690094809917
0.11069984238827102
-0.11069984238827102
0.013354220586090704
-0.013354220586090704
0.4127514429296094
-0.4127514429296094
0.6896095370129034
-0.6896095370129034
0.21554168294330722
-0.21554168294330722
2.4844138294777274E-4
-2.4844138294777274E-4
0.2086301016534443
-0.2086301016534443
0.180727138472757
-0.180727138472757
0.5346119757702466
-0.5346119757702466
0.8688621508574345
-0.8688621508574345
0.3224633018119455
-0.3224633018119455
0.14571312562907823
-0.14571312562907823
0.9256934918452001
-0.9256934918452001
0.12210270178380589
-0.12210270178380589
0.24776698699416033
-0.24776698699416033
0.25100083162581277
-0.25100083162581277
0.10227454382293777
-0.10227454382293777
0.3968176353648113
-0.3968176353648113
0.0048824445238147
-0.0048824445238147
0.042096869166922346
-0.042096869166922346
0.02692019933040679
-0.02692019933040679
0.030424597922043772
-0.030424597922043772
0.0020479650692359908
-0.0020479650692359908
0.012472551339228533
-0.012472551339228533
0.03489814714433892
-0.03489814714433892
0.0717220840920394
-0.0717220840920394
0.9039022256444798
-0.9039022256444798
0.292226384317401
-0.292226384317401
0.4449348373393993
-0.4449348373393993
0.0032048147013890027
-0.0032048147013890027
0.04725923052214087
-0.04725923052214087
0.04396626319592467
-0.04396626319592467
0.07060272993495409
-0.07060272993495409
0.018557683838756556
-0.018557683838756556
0.08683244040138605
-0.08683244040138605
0.5781557995725914
-0.5781557995725914
0.09451357383636294
-0.09451357383636294
0.3384319797200648
-0.3384319797200648
0.037802254722057005
-0.037802254722057005
0.1691347926969402
-0.1691347926969402
0.00260062904483771
-0.00260062904483771
0.07537236947986192
-0.07537236947986192
0.4566172633775947
-0.4566172633775947
0.16921670910126385
-0.16921670910126385
0.3433910313613018
-0.3433910313613018
0.4389125881076321
-0.4389125881076321
0.011432273731653342
-0.011432273731653342
0.3495119800987059
-0.3495119800987059
0.7145711996792337
-0.7145711996792337
0.6067987857229462
-0.6067987857229462
0.04422827087675796
-0.04422827087675796
0.018564965419754942
-0.018564965419754942
0.3588642170509916
-0.3588642170509916
8.050037160484136E-4
-8.050037160484136E-4
5.488300479639108E-4
-5.488300479639108E-4
7.830145867625538E-4
-7.830145867625538E-4
0.7821132089869197
-0.7821132089869197
0.2210346642912573
-0.2210346642912573
0.04613628618798071
-0.04613628618798071
0.23267786642972577
-0.23267786642972577
0.09375173684902138
-0.09375173684902138
0.03586975769345524
-0.03586975769345524
0.07785881553008944
-0.07785881553008944
0.052207468449735006
-0.052207468449735006
0.07069934777886078
-0.07069934777886078
0.995084203669975
-0.995084203669975
0.07008044435695526
-0.07008044435695526
0.06306613694043206
-0.06306613694043206
0.06900577809905162
-0.06900577809905162
0.016521439588902287
-0.016521439588902287
0.13283113710659533
-0.13283113710659533
0.7509272637412353
-0.7509272637412353
0.027968802058856768
-0.027968802058856768
0.009832606947588918
-0.009832606947588918
0.24231654568720173
-0.24231654568720173
-0.14842699099648846
0.14842699099648846
0.032060611126671246
-0.032060611126671246
0.0033882715549193865
-0.0033882715549193865
0.03281395962219813
-0.03281395962219813
0.9047018028684487
-0.9047018028684487
-0.007432882043182685
0.007432882043182685
-0.014077845503289284
0.014077845503289284
0.014496892591111199
-0.014496892591111199
0.41306227577936616
-0.41306227577936616
8.42221883827432E-4
-8.42221883827432E-4
0.1392775983612854
-0.1392775983612854
-0.46793801293105375
0.46793801293105375
0.5257639523351803
-0.5257639523351803
0.017681965967581204
-0.017681965967581204
-0.004145626017143617
0.004145626017143617
-0.0753264169796345
0.0753264169796345
0.2349347830429731
-0.2349347830429731
0.23998337654059487
-0.23998337654059487
0.1626114758614482
-0.1626114758614482
0.0010864588315563362
-0.0010864588315563362
-0.01782492682824102
0.01782492682824102
-0.2424123389171429
0.2424123389171429
0.34084560072420667
-0.34084560072420667
0.5686493129836008
-0.5686493129836008
0.006249260982809091
-0.006249260982809091
-0.014996315453983047
0.014996315453983047
0.2931111493140247
-0.2931111493140247
0.09972664093101902
-0.09972664093101902
0.044250502875336606
-0.044250502875336606
-0.2928416543019279
0.2928416543019279
0.36670349701765625
-0.36670349701765625
0.08328616331180283
-0.08328616331180283
-0.003457731936362976
0.003457731936362976
-2.2322109257568977E-4
2.2322109257568977E-4
0.1138205220362869
-0.1138205220362869
0.6580207710526862
-0.6580207710526862
0.6336802466643354
-0.6336802466643354
0.08664458229513328
-0.08664458229513328
-0.13722343686225366
0.13722343686225366
0.015029340167115768
-0.015029340167115768
-0.5985191100184745
0.5985191100184745
0.1637630795886581
-0.1637630795886581
-0.026574343591147624
0.026574343591147624
0.12866675722673637
-0.12866675722673637
0.2267566959182954
-0.2267566959182954
-0.025561762058911565
0.025561762058911565
0.22189013174120986
-0.22189013174120986
0.21941026082057968
-0.21941026082057968
0.1202662148735606
-0.1202662148735606
0.08565348086279401
-0.08565348086279401
-0.41860703326465626
0.41860703326465626
-0.026056321561511615
0.026056321561511615
0.3329471836536586
-0.3329471836536586
0.08596760412871507
-0.08596760412871507
3.576569782604011E-4
-3.576569782604011E-4
-0.008346329578954056
0.008346329578954056
0.16769563012999622
-0.16769563012999622
0.07356728766548803
-0.07356728766548803
-0.08469764108156977
0.08469764108156977
0.0013223404779321157
-0.0013223404779321157
0.019090719986612492
-0.019090719986612492
-4.7983667590156516E-4
4.7983667590156516E-4
0.34731919330904415
-0.34731919330904415
-0.05961394348466897
0.05961394348466897
0.2264307933869173
-0.2264307933869173
0.06075882516382991
-0.06075882516382991
0.3238149233255112
-0.3238149233255112
-0.294462643071463
0.294462643071463
0.20033690657406122
-0.20033690657406122
0.04352092337623881
-0.04352092337623881
0.4248919851477403
-0.4248919851477403
-0.820882241197242
0.820882241197242
0.12318068980783659
-0.12318068980783659
-0.005738276597674297
0.005738276597674297
0.0590525684275478
-0.0590525684275478
0.7483804254586356
-0.7483804254586356
0.02462003455834505
-0.02462003455834505
-0.8544879916922584
0.8544879916922584
-3.5169223022661346E-4
3.5169223022661346E-4
0.176588119194659
-0.176588119194659
0.6120597970827606
-0.6120597970827606
-1.2049062507059448E-4
1.2049062507059448E-4
0.14678196766133478
-0.14678196766133478
0.06146056478080186
-0.06146056478080186
0.1560025145708226
-0.1560025145708226
-9.127853163261137E-4
9.127853163261137E-4
0.01906159940880059
-0.01906159940880059
0.6114653813196809
-0.6114653813196809
0.5826386326292627
-0.5826386326292627
-0.09931307493015694
0.09931307493015694
-0.28679313665052714
0.28679313665052714
0.037287374388842
-0.037287374388842
0.004469599374908206
-0.004469599374908206
0.1178924070657521
-0.1178924070657521
3.2842260801868584E-4
-3.2842260801868584E-4
-0.11930270472335595
0.11930270472335595
0.016228456888010667
-0.016228456888010667
0.03656707936819015
-0.03656707936819015
-0.25009959844009394
0.25009959844009394
0.2849625467765474
-0.2849625467765474
0.04810457645395727
-0.04810457645395727
-2.0226823762683858E-4
2.0226823762683858E-4
0.8627441633398387
-0.8627441633398387
-0.060131933220679216
0.060131933220679216
0.9202061711145546
-0.9202061711145546
0.08847522102070182
-0.08847522102070182
0.00554623348633887
-0.00554623348633887
-0.0823216329613204
0.0823216329613204
0.08325530884543242
-0.08325530884543242
0.08380557186814841
-0.08380557186814841
-1.4370338583750907E-4
1.4370338583750907E-4
7.003817748129082E-4
-7.003817748129082E-4
-0.13698657267930803
0.13698657267930803
0.03152026695323029
-0.03152026695323029
0.00825125958587325
-0.00825125958587325
0.015401891401960466
-0.015401891401960466
-0.16225455825302115
0.16225455825302115
0.0572365392587475
-0.0572365392587475
0.19174717291004073
-0.19174717291004073
-0.10571242306283589
0.10571242306283589
0.12500845521712878
-0.12500845521712878
0.09337888156552887
-0.09337888156552887
-0.6552498428490053
0.6552498428490053
0.021703106007078254
-0.021703106007078254
0.29232429628645673
-0.29232429628645673
-0.0014453735435550124
0.0014453735435550124
-0.01524091821179717
0.01524091821179717
0.004874320958506817
-0.004874320958506817
0.048625387936366504
-0.048625387936366504
0.4593765891227173
-0.4593765891227173
0.33950047646016424
-0.33950047646016424
-0.0036284414683830303
0.0036284414683830303
0.18647774935461725
-0.18647774935461725
-0.8961252846829252
0.8961252846829252
0.07702549663494818
-0.07702549663494818
-0.2341504574191541
0.2341504574191541
0.07931528745472549
-0.07931528745472549
0.3569520643943338
-0.3569520643943338
0.03316308903471965
-0.03316308903471965
0.08227573618984751
-0.08227573618984751
-7.144887474221694E-4
7.144887474221694E-4
-0.5830222073065087
0.5830222073065087
0.1854868902260971
-0.1854868902260971
0.15464809921525413
-0.15464809921525413
-0.03550417493941486
0.03550417493941486
0.1505062567394041
-0.1505062567394041
0.23711814906569983
-0.23711814906569983
-0.11092444587577417
0.11092444587577417
0.028532235116446092
-0.028532235116446092
0.11233860382059924
-0.11233860382059924
0.949809493974265
-0.949809493974265
0.5254651450029357
-0.5254651450029357
-0.022084815619282893
0.022084815619282893
0.029221642913265677
-0.029221642913265677
0.1295172193334534
-0.1295172193334534
-0.00646865672604445
0.00646865672604445
-0.6947246012814837
0.6947246012814837
0.12784513387732355
-0.12784513387732355
0.3167642662426261
-0.3167642662426261
0.09599817028036395
-0.09599817028036395
-0.060440587767722896
0.060440587767722896
0.43694598024877684
-0.43694598024877684
0.6629077827520657
-0.6629077827520657
0.10964910419995966
-0.10964910419995966
-0.808807402001914
0.808807402001914
-0.026261155831919635
0.026261155831919635
0.08940070224079155
-0.08940070224079155
0.502987122241937
-0.502987122241937
0.21916035238143083
-0.21916035238143083
0.07359428873133866
-0.07359428873133866
-0.48801783975666435
0.48801783975666435
0.19169749555285143
-0.19169749555285143
-0.008002772069352772
0.008002772069352772
0.1371273975950501
-0.1371273975950501
0.0827698059105586
-0.0827698059105586
0.006787585656136241
-0.006787585656136241
-0.11489513421600882
0.11489513421600882
0.020201857620257724
-0.020201857620257724
-0.2069506130001903
0.2069506130001903
0.19478472213325515
-0.19478472213325515
0.010925439343774102
-0.010925439343774102
-0.005130069874417013
0.005130069874417013
0.02419516397571808
-0.02419516397571808
0.013108517010006593
-0.013108517010006593
-0.00343211476158405
0.00343211476158405
0.2366117866649926
-0.2366117866649926
-5.830643355920975E-4
5.830643355920975E-4
0.030574910984829562
-0.030574910984829562
8.507126789312203E-4
-8.507126789312203E-4
9.130754824449028E-6
-9.130754824449028E-6
-0.13627480320270127
0.13627480320270127
0.07299970190439609
-0.07299970190439609
-8.851310367257837E-4
8.851310367257837E-4
0.7916521684687567
-0.7916521684687567
0.00220520227001908
-0.00220520227001908
0.01583836528371163
-0.01583836528371163
0.005456881563419724
-0.005456881563419724
-0.12208983565768641
0.12208983565768641
0.027009671049617268
-0.027009671049617268
0.49868135878976694
-0.49868135878976694
-0.016861243128441974
0.016861243128441974
0.3938626641296128
-0.3938626641296128
0.06794385495965549
-0.06794385495965549
-0.005517108176497822
0.005517108176497822
0.3208230636646502
-0.3208230636646502
0.4813725555496565
-0.4813725555496565
-0.014129799848023239
0.014129799848023239
0.7639677897484735
-0.7639677897484735
0.04177290907920461
-0.04177290907920461
-0.5229538823804145
0.5229538823804145
0.014397553071457403
-0.014397553071457403
0.43711389501029385
-0.43711389501029385
-0.21861322186360116
0.21861322186360116
0.0049112209223418635
-0.0049112209223418635
-0.019734528775256402
0.019734528775256402
0.019383520736864446
-0.019383520736864446
0.25194088169786755
-0.25194088169786755
-0.13407788453676597
0.13407788453676597
0.8784893738433119
-0.8784893738433119
-0.02281372995850738
0.02281372995850738
0.03746811306401221
-0.03746811306401221
0.051874028053148225
-0.051874028053148225
0.0011806198668808943
-0.0011806198668808943
-0.046876740861756035
0.046876740861756035
0.15144731292447855
-0.15144731292447855
0.0667342387134151
-0.0667342387134151
-0.01527347294078251
0.01527347294078251
0.16036949970391656
-0.16036949970391656
-0.17898420466663822
0.17898420466663822
0.48095407588482986
-0.48095407588482986
0.13471022119653853
-0.13471022119653853
0.24915458678803426
-0.24915458678803426
-0.011631283599971527
0.011631283599971527
0.014579275247179058
-0.014579275247179058
0.07369337812275101
-0.07369337812275101
-0.7835222509284673
0.7835222509284673
0.2568688353863071
-0.2568688353863071
0.96773101652108
-0.96773101652108
-0.18727297459107492
0.18727297459107492
0.22463508879643357
-0.22463508879643357
-0.003007247415122669
0.003007247415122669
0.08342806592614682
-0.08342806592614682
0.0546246000783962
-0.0546246000783962
0.6766529300181587
-0.6766529300181587
-0.6220273879951284
0.6220273879951284
0.12462642196143536
-0.12462642196143536
-0.03552547266739789
0.03552547266739789
0.5791347013300925
-0.5791347013300925
0.0014759431510916743
-0.0014759431510916743
0.002444182188241051
-0.002444182188241051
0.10911916178601888
-0.10911916178601888
-0.0017876504902942768
0.0017876504902942768
-0.20388632708777668
0.20388632708777668
0.0900821738141857
-0.0900821738141857
0.046094945433125534
-0.046094945433125534
0.24309365673277228
-0.24309365673277228
0.06073230628836679
-0.06073230628836679
-0.1094110086940015
0.1094110086940015
0.0619143853316797
-0.0619143853316797
0.16049478813463525
-0.16049478813463525
-0.011127347610930025
0.011127347610930025
0.7431344084849876
-0.7431344084849876
0.03493808122876263
-0.03493808122876263
-0.4278117205130981
0.4278117205130981
0.1017485396691612
-0.1017485396691612
-0.8132801806286497
0.8132801806286497
0.025037562530539126
-0.025037562530539126
0.38834602522072936
-0.38834602522072936
0.1490426430499986
-0.1490426430499986
-0.014370859819478233
0.014370859819478233
-0.009455082626060277
0.009455082626060277
0.6998533756418537
-0.6998533756418537
0.01456503361486472
-0.01456503361486472
0.05673409582169031
-0.05673409582169031
-3.5383775957580603E-4
3.5383775957580603E-4
0.09387462422414117
-0.09387462422414117
0.33388109472956085
-0.33388109472956085
-0.023153390293127577
0.023153390293127577
0.024602491299946072
-0.024602491299946072
0.26169788377731007
-0.26169788377731007
0.18623215006795202
-0.18623215006795202
-0.03771746901799111
0.03771746901799111
-0.7774568702607172
0.7774568702607172
0.7945428308392383
-0.7945428308392383
0.08697395254385243
-0.08697395254385243
0.05615902029269659
-0.05615902029269659
0.17065668553672608
-0.17065668553672608
0.06753006310231813
-0.06753006310231813
0.7265604464222206
-0.7265604464222206
0.49543169704086265
-0.49543169704086265
-0.06415599491631394
0.06415599491631394
0.21913911151903376
-0.21913911151903376
0.918553782024769
-0.918553782024769
-0.5025081465126254
0.5025081465126254
0.9573135310766363
-0.9573135310766363
0.013572896856461458
-0.013572896856461458
-1.1052891823368991E-4
1.1052891823368991E-4
0.015609257074849281
-0.015609257074849281
0.10999858179618405
-0.10999858179618405
-0.0018759619839211045
0.0018759619839211045
1.9043916777361503E-4
-1.9043916777361503E-4
0.7849759455995712
-0.7849759455995712
0.0723147662347301
-0.0723147662347301
0.8003464886103603
-0.8003464886103603
0.6687971250450627
-0.6687971250450627
-0.01051355229435386
0.01051355229435386
-0.005642742222286004
0.005642742222286004
0.224487896214692
-0.224487896214692
0.8153365661955172
-0.8153365661955172
-0.13161211562117076
0.13161211562117076
0.0499668266847767
-0.0499668266847767
2.53219754702827E-4
-2.53219754702827E-4
0.9649272511664845
-0.9649272511664845
-0.10031772875387407
0.10031772875387407
0.04178307878224552
-0.04178307878224552
0.10060026496893049
-0.10060026496893049
0.1984160573324284
-0.1984160573324284
0.28035854550028205
-0.28035854550028205
0.22735372474098248
-0.22735372474098248
-0.0014093655566556759
0.0014093655566556759
0.9675912428651691
-0.9675912428651691
0.04096731064099435
-0.04096731064099435
-0.8137989477303867
0.8137989477303867
0.1576986764481807
-0.1576986764481807
-0.009452781892742774
0.009452781892742774
0.015494367663576591
-0.015494367663576591
0.1566269555802
-0.1566269555802
-0.01509761691799851
0.01509761691799851
0.21827826512337578
-0.21827826512337578
0.020377320922258968
-0.020377320922258968
0.03704927502572386
-0.03704927502572386
0.1322109347166045
-0.1322109347166045
-0.41670795751858386
0.41670795751858386
4.0327072373691486E-4
-4.0327072373691486E-4
0.03260795293984453
-0.03260795293984453
-0.05894991628448613
0.05894991628448613
0.3427361510242247
-0.3427361510242247
-0.09581774386812064
0.09581774386812064
0.20354839181076934
-0.20354839181076934
0.015765066801357808
-0.015765066801357808
-0.08673892065403069
0.08673892065403069
0.009806010692200662
-0.009806010692200662
0.04305888147611281
-0.04305888147611281
0.1120554955582932
-0.1120554955582932
-0.06346014251612069
0.06346014251612069
0.34502919943473354
-0.34502919943473354
-7.50242246743836E-4
7.50242246743836E-4
0.008299325419631076
-0.008299325419631076
0.02160664419043734
-0.02160664419043734
-8.568338451395804E-4
8.568338451395804E-4
0.041934145604849205
-0.041934145604849205
0.001428521960332052
-0.001428521960332052
-0.7725409424724944
0.7725409424724944
0.5687987598286489
-0.5687987598286489
0.06356562369516916
-0.06356562369516916
-0.13943725048719555
0.13943725048719555
0.7030422964630367
-0.7030422964630367
-0.28212937445439074
0.28212937445439074
0.010008563517095337
-0.010008563517095337
0.17715291067159533
-0.17715291067159533
0.022014625653348774
-0.022014625653348774
-0.5623477023736834
0.5623477023736834
0.022077947221582517
-0.022077947221582517
0.687538921147037
-0.687538921147037
-0.5401618871665256
0.5401618871665256
0.10429147801087879
-0.10429147801087879
-0.014338562202777527
0.014338562202777527
0.020933678834380354
-0.020933678834380354
0.012023863260973822
-0.012023863260973822
-0.17523331488260366
0.17523331488260366
0.111385011844925
-0.111385011844925
6.221489390200174E-4
-6.221489390200174E-4
-0.06382253041757882
0.06382253041757882
0.5180500495431013
-0.5180500495431013
0.29495897448979735
-0.29495897448979735
0.1785688957650473
-0.1785688957650473
-0.005659369812027746
0.005659369812027746
0.2541556346479381
-0.2541556346479381
0.007652363400114215
-0.007652363400114215
0.010781885456983664
-0.010781885456983664
-0.5981295624974776
0.5981295624974776
-0.0977419635857094
0.0977419635857094
0.1148547043405227
-0.1148547043405227
0.031053378809524412
-0.031053378809524412
0.30542791795843316
-0.30542791795843316
-0.7264214485204152
0.7264214485204152
0.3550684460472292
-0.3550684460472292
0.45768273312850505
-0.45768273312850505
-0.002774407359447683
0.002774407359447683
0.39161568802822966
-0.39161568802822966
0.284239511855907
-0.284239511855907
0.5007401633661765
-0.5007401633661765
-3.379768027701173E-4
3.379768027701173E-4
-0.020952758987366878
0.020952758987366878
0.05035078401425874
-0.05035078401425874
0.20838840693323424
-0.20838840693323424
-2.991788679846453E-4
2.991788679846453E-4
0.0027081091180177763
-0.0027081091180177763
0.09529988933040712
-0.09529988933040712
0.21536765291259097
-0.21536765291259097
-0.15793148221309347
0.15793148221309347
0.009965306228045034
-0.009965306228045034
0.00419309705633486
-0.00419309705633486
0.006104589471371935
-0.006104589471371935
-0.46490456254145107
0.46490456254145107
0.006795486744896051
-0.006795486744896051
-0.5027815422158637
0.5027815422158637
0.2531215932085509
-0.2531215932085509
0.002458455866383269
-0.002458455866383269
-0.15547155880202934
0.15547155880202934
0.3958033483309389
-0.3958033483309389
-0.015036327307710543
0.015036327307710543
0.040390735696705704
-0.040390735696705704
0.16209574986366293
-0.16209574986366293
0.06009675001231629
-0.06009675001231629
-0.03490041733619463
0.03490041733619463
0.2286492463631986
-0.2286492463631986
0.7924105692337323
-0.7924105692337323
0.7460750376567706
-0.7460750376567706
-0.6863785464158293
0.6863785464158293
0.044117716896088344
-0.044117716896088344
0.20884858927156047
-0.20884858927156047
-0.016690294117321387
0.016690294117321387
0.16526916832376848
-0.16526916832376848
0.09824170984677505
-0.09824170984677505
-0.14762845090065024
0.14762845090065024
-0.2497796415936732
0.2497796415936732
0.7108783163028585
-0.7108783163028585
0.00897735921667131
-0.00897735921667131
-0.21737823914585902
0.21737823914585902
0.020421580258376815
-0.020421580258376815
0.02301275688654869
-0.02301275688654869
-0.03937935599714314
0.03937935599714314
0.03624642363130881
-0.03624642363130881
0.015408172437633705
-0.015408172437633705
0.06438939318454362
-0.06438939318454362
0.2748158478010376
-0.2748158478010376
-0.015497787613157009
0.015497787613157009
0.505224640034093
-0.505224640034093
-0.36793047418542685
0.36793047418542685
0.10281435598459743
-0.10281435598459743
-0.5973829626970607
0.5973829626970607
0.008192714962011571
-0.008192714962011571
0.019642834383628016
-0.019642834383628016
-5.098319336725102E-4
5.098319336725102E-4
0.06458916020374006
-0.06458916020374006
0.011414302843255841
-0.011414302843255841
-0.0029088806799852374
0.0029088806799852374
0.0996619579692718
-0.0996619579692718
0.4407854830432225
-0.4407854830432225
0.5173726064949205
-0.5173726064949205
0.025154320062616864
-0.025154320062616864
-0.6492084299916523
0.6492084299916523
0.29436991457179007
-0.29436991457179007
0.30300129007798204
-0.30300129007798204
-0.4043566336624014
0.4043566336624014
0.5869595543498012
-0.5869595543498012
-0.21778081881451344
0.21778081881451344
0.3496160365241716
-0.3496160365241716
0.34238537445618034
-0.34238537445618034
-0.0013437623978921097
0.0013437623978921097
0.11948635386760731
-0.11948635386760731
0.13277063452537552
-0.13277063452537552
-0.6236228911814097
0.6236228911814097
0.06091230240809753
-0.06091230240809753
-5.640156725573367E-5
5.640156725573367E-5
0.03281376556204596
-0.03281376556204596
0.08348411690528157
-0.08348411690528157
0.006923677886477075
-0.006923677886477075
-0.06248624803006996
0.06248624803006996
0.271797111704989
-0.271797111704989
-0.5100724804319801
0.5100724804319801
0.11794531844960787
-0.11794531844960787
0.09512071337110761
-0.09512071337110761
0.002900611138484388
-0.002900611138484388
0.04609969645606504
-0.04609969645606504
-0.3752771019385364
0.3752771019385364
0.6721771520631195
-0.6721771520631195
-0.014161355074447506
0.014161355074447506
0.001828558894338972
-0.001828558894338972
0.5017407772599745
-0.5017407772599745
0.49401189591173467
-0.49401189591173467
-0.6761530694244998
0.6761530694244998
0.02834780863234565
-0.02834780863234565
-0.02940272340072415
0.02940272340072415
0.018092792768546695
-0.018092792768546695
0.001446302851855319
-0.001446302851855319
-2.2109754220752794E-4
2.2109754220752794E-4
0.14217398728298292
-0.14217398728298292
0.0832801732463263
-0.0832801732463263
0.005944164837096255
-0.005944164837096255
-0.24021944125440065
0.24021944125440065
0.00903696639176177
-0.00903696639176177
0.00918750635267973
-0.00918750635267973
0.1791772124148573
-0.1791772124148573
-0.6019839076377842
0.6019839076377842
0.07414012433018813
-0.07414012433018813
0.08222641252720475
-0.08222641252720475
-0.6464215508860839
0.6464215508860839
0.8363665601856934
-0.8363665601856934
0.5586451312403709
-0.5586451312403709
0.11411427056064483
-0.11411427056064483
-0.0018728148101132232
0.0018728148101132232
0.22013524070235502
-0.22013524070235502
-0.024114252009613275
0.024114252009613275
0.1905578065613882
-0.1905578065613882
0.08083506133799823
-0.08083506133799823
0.7058601240297939
-0.7058601240297939
0.04822883244978704
-0.04822883244978704
-0.0274817051029278
0.0274817051029278
-0.044470656541586946
0.044470656541586946
0.1588802616235353
-0.1588802616235353
0.13308129630896404
-0.13308129630896404
0.004153008862126661
-0.004153008862126661
0.09110261806155417
-0.09110261806155417
-0.2495587462537559
0.2495587462537559
0.030794157752690787
-0.030794157752690787
0.3905636964841662
-0.3905636964841662
-0.10987584050873617
0.10987584050873617
0.6871462122486036
-0.6871462122486036
0.16573977884637536
-0.16573977884637536
-0.018426673736310087
0.018426673736310087
-0.001932138059948724
0.001932138059948724
0.6560097465137505
-0.6560097465137505
0.07939447008395384
-0.07939447008395384
0.002244318436329773
-0.002244318436329773
0.36150359704033663
-0.36150359704033663
-8.181853010528969E-4
8.181853010528969E-4
0.6968947085522486
-0.6968947085522486
0.1266295941931832
-0.1266295941931832
-0.10475872349375381
0.10475872349375381
0.4565122845635796
-0.4565122845635796
0.025873979010020642
-0.025873979010020642
-0.020707879612398623
0.020707879612398623
0.5675203719465258
-0.5675203719465258
-0.0014908705945677482
0.0014908705945677482
0.05114839454242959
-0.05114839454242959
0.1600313466619666
-0.1600313466619666
0.016517203260699498
-0.016517203260699498
-0.01298989798430369
0.01298989798430369
-0.0169583761385893
0.0169583761385893
0.20223634578938166
-0.20223634578938166
0.027448491790675655
-0.027448491790675655
0.10812931361647904
-0.10812931361647904
0.4550212380217957
-0.4550212380217957
-0.15761910026205833
0.15761910026205833
0.14922069556120454
-0.14922069556120454
0.004116341408488378
-0.004116341408488378
0.16728031719523784
-0.16728031719523784
0.30748663680672084
-0.30748663680672084
0.003151473908803215
-0.003151473908803215
-0.002169073284398725
0.002169073284398725
0.17582660866287736
-0.17582660866287736
0.8344863001497138
-0.8344863001497138
-0.003684406532529114
0.003684406532529114
0.13946678864765472
-0.13946678864765472
0.04982423872980213
-0.04982423872980213
-0.004748870910721355
0.004748870910721355
-6.708995486403756E-4
6.708995486403756E-4
0.012860431632101599
-0.012860431632101599
0.02641034387345864
-0.02641034387345864
-0.1595095247244775
0.1595095247244775
0.14011586284592203
-0.14011586284592203
0.46736885569585895
-0.46736885569585895
0.25223108982179865
-0.25223108982179865
-0.12079248674016388
0.12079248674016388
0.23754672900912022
-0.23754672900912022
0.31663574637593117
-0.31663574637593117
-0.3427686139516191
0.3427686139516191
0.25343011224534595
-0.25343011224534595
0.002140167150815775
-0.002140167150815775
0.3650893544221925
-0.3650893544221925
-1.28365393604037E-4
1.28365393604037E-4
-0.01353613156432455
0.01353613156432455
0.07846217270120481
-0.07846217270120481
0.050653272942071004
-0.050653272942071004
-0.015688024755315038
0.015688024755315038
0.6773023117980898
-0.6773023117980898
0.007137332323697287
-0.007137332323697287
0.6971522760992124
-0.6971522760992124
0.041165535327575276
-0.041165535327575276
0.36711508319711605
-0.36711508319711605
-0.022198702981022694
0.022198702981022694
0.9438458454408255
-0.9438458454408255
0.016972460357755126
-0.016972460357755126
0.00280809979450658
-0.00280809979450658
-0.005930255949116541
0.005930255949116541
0.31434412567922565
-0.31434412567922565
-2.921546942968082E-5
2.921546942968082E-5
0.1027780037628262
-0.1027780037628262
0.19898715538242984
-0.19898715538242984
0.4045692326232958
-0.4045692326232958
0.0032430935083340717
-0.0032430935083340717
-0.02461449379880269
0.02461449379880269
0.6231478685279563
-0.6231478685279563
-0.09626844967471604
0.09626844967471604
0.09261652827799305
-0.09261652827799305
0.056518602778506066
-0.056518602778506066
0.09472668581479882
-0.09472668581479882
-0.44030200152541177
0.44030200152541177
-0.012915303625780234
0.012915303625780234
0.04207952756063382
-0.04207952756063382
-0.6049327893743439
0.6049327893743439
0.8543129829843864
-0.8543129829843864
-4.881301763120399E-4
4.881301763120399E-4
-0.36777660607501295
0.36777660607501295
0.0864932802353593
-0.0864932802353593
0.04346046263333281
-0.04346046263333281
-0.03662497120193911
0.03662497120193911
0.2942236252953492
-0.2942236252953492
0.05530933215327272
-0.05530933215327272
-0.2919440529859179
0.2919440529859179
0.2531460704774313
-0.2531460704774313
0.13660520418333033
-0.13660520418333033
-0.07580345102859842
0.07580345102859842
-0.1552567404514156
0.1552567404514156
0.43679025272201144
-0.43679025272201144
-0.984694119959231
0.984694119959231
-2.101722546990273E-4
2.101722546990273E-4
0.06764742424223824
-0.06764742424223824
-0.039080934939136926
0.039080934939136926
0.05248520366230003
-0.05248520366230003
-0.00162782446357975
0.00162782446357975
0.05086236120544518
-0.05086236120544518
0.04343154298612528
-0.04343154298612528
0.00974098324992656
-0.00974098324992656
-0.2768579772071096
0.2768579772071096
-0.05672539766214922
0.05672539766214922
0.09155151327216704
-0.09155151327216704
-0.0022699794927510774
0.0022699794927510774
-0.10904023561235185
0.10904023561235185
0.04715400849779672
-0.04715400849779672
-0.6919725381274772
0.6919725381274772
-0.22706468686928538
0.22706468686928538
0.03191568116409593
-0.03191568116409593
0.17978547393684485
-0.17978547393684485
-1.8283546025867488E-4
1.8283546025867488E-4
0.7611072370245124
-0.7611072370245124
0.057848469830236726
-0.057848469830236726
-0.8723897944353268
0.8723897944353268
-0.0068647216143384445
0.0068647216143384445
0.09207934782508587
-0.09207934782508587
0.6656486027382791
-0.6656486027382791
-0.08695422939651433
0.08695422939651433
0.1829470762381119
-0.1829470762381119
0.018616644609743105
-0.018616644609743105
-0.6055354553431307
0.6055354553431307
-0.004038165304370299
0.004038165304370299
0.23252132749717624
-0.23252132749717624
0.07184503705951117
-0.07184503705951117
-0.013738922143927865
0.013738922143927865
-0.14919022028131057
0.14919022028131057
-2.2504506391479625E-4
2.2504506391479625E-4
0.010314176674777742
-0.010314176674777742
-0.018156458210014867
0.018156458210014867
0.32296306524110097
-0.32296306524110097
-0.9038589103477035
0.9038589103477035
0.012053693411872124
-0.012053693411872124
-0.12974190743109276
0.12974190743109276
0.36667293071343576
-0.36667293071343576
0.012994549082034235
-0.012994549082034235
-0.08139005185225619
0.08139005185225619
-0.23552561369120684
0.23552561369120684
0.004165011652378259
-0.004165011652378259
0.7367801920344696
-0.7367801920344696
0.8375325657101221
-0.8375325657101221
-0.6539994328517705
0.6539994328517705
-0.29241099659143116
0.29241099659143116
-0.6192485536224228
0.6192485536224228
-0.04071102907911305
0.04071102907911305
0.032092635624328736
-0.032092635624328736
0.0746916317021512
-0.0746916317021512
-0.023469989379086034
0.023469989379086034
0.02859130343901095
-0.02859130343901095
0.007940979035913065
-0.007940979035913065
-0.5276936435996544
0.5276936435996544
0.8060101318559267
-0.8060101318559267
-0.0016576070465252005
0.0016576070465252005
-0.05880720072761937
0.05880720072761937
0.043567281927880286
-0.043567281927880286
0.3699380595700078
-0.3699380595700078
0.0555932076166451
-0.0555932076166451
-0.3319610434595527
0.3319610434595527
-0.0038335146221881943
0.0038335146221881943
-0.004948441452385325
0.004948441452385325
0.03922743571988585
-0.03922743571988585
-0.13841332662509007
0.13841332662509007
0.34376828949599403
-0.34376828949599403
-9.356596599865854E-4
9.356596599865854E-4
-0.04320419910552058
0.04320419910552058
0.45453213807491455
-0.45453213807491455
0.21347368755865315
-0.21347368755865315
0.001128789895015414
-0.001128789895015414
0.10606726533031086
-0.10606726533031086
-0.01143265437631159
0.01143265437631159
-4.509245077480282E-4
4.509245077480282E-4
0.040356085017496324
-0.040356085017496324
-0.2630794569850414
0.2630794569850414
0.05590294922417449
-0.05590294922417449
-0.12064520138515866
0.12064520138515866
-0.3297238229604013
0.3297238229604013
0.16710967431041546
-0.16710967431041546
0.5073738276707299
-0.5073738276707299
-0.002919951500032558
0.002919951500032558
-0.40568308248011636
0.40568308248011636
0.09295462475677119
-0.09295462475677119
-0.049710605393604564
0.049710605393604564
7.273243986093414E-4
-7.273243986093414E-4
-0.004552672670050226
0.004552672670050226
0.147749114441739
-0.147749114441739
0.11514852213362048
-0.11514852213362048
-0.5419302189880315
0.5419302189880315
0.1000992879468302
-0.1000992879468302
-0.004402432359431706
0.004402432359431706
-0.056540720022332916
0.056540720022332916
0.05861116850374726
-0.05861116850374726
0.2190921121385695
-0.2190921121385695
-0.43523571057463795
0.43523571057463795
0.003286279271491943
-0.003286279271491943
-0.003652311821074338
0.003652311821074338
-0.6569020797599295
0.6569020797599295
-4.447997104543566E-4
4.447997104543566E-4
0.02073879489457464
-0.02073879489457464
0.003911876065040065
-0.003911876065040065
0.0113128157537703
-0.0113128157537703
-0.01722296215422322
0.01722296215422322
-0.003224217461357824
0.003224217461357824
0.9765397482890479
-0.9765397482890479
0.16439002395264357
-0.16439002395264357
-0.2363425813261925
0.2363425813261925
-0.1505866572941899
0.1505866572941899
0.05648673263393855
-0.05648673263393855
-0.5755982682576022
0.5755982682576022
0.002406372373748966
-0.002406372373748966
-3.359383686433841E-4
3.359383686433841E-4
0.043556362200967036
-0.043556362200967036
-0.04483596587369085
0.04483596587369085
-3.9980456061500263E-4
3.9980456061500263E-4
0.6375792011591022
-0.6375792011591022
0.11911221033793618
-0.11911221033793618
-0.003167814273971974
0.003167814273971974
-0.00299831188289233
0.00299831188289233
0.023723777409974667
-0.023723777409974667
0.671000208543898
-0.671000208543898
-0.001217223776202613
0.001217223776202613
-0.41730754047625385
0.41730754047625385
0.7460252598751536
-0.7460252598751536
0.00855839203103892
-0.00855839203103892
-0.0596558315734677
0.0596558315734677
0.008895948075747895
-0.008895948075747895
0.0047964537508767835
-0.0047964537508767835
-0.0063236759107305794
0.0063236759107305794
0.13217208395441693
-0.13217208395441693
0.12862998708221185
-0.12862998708221185
-0.636084301079753
0.636084301079753
-0.0021300754495850904
0.0021300754495850904
0.032289380651807975
-0.032289380651807975
-0.3948546925583483
0.3948546925583483
-5.834349008485152E-5
5.834349008485152E-5
0.115235522578088
-0.115235522578088
-0.026817312981887182
0.026817312981887182
-0.04251306808807803
0.04251306808807803
0.5785731719068277
-0.5785731719068277
0.19051147602291585
-0.19051147602291585
0.001318597877813077
-0.001318597877813077
-4.3892086040487623E-4
4.3892086040487623E-4
7.951187697908813E-4
-7.951187697908813E-4
-0.9184027889461495
0.9184027889461495
-0.3365246729540561
0.3365246729540561
0.5279216300915033
-0.5279216300915033
0.27525798654167943
-0.27525798654167943
-0.0011304535154788176
0.0011304535154788176
-0.9538153317504376
0.9538153317504376
0.14678276760513276
-0.14678276760513276
-3.9676068846632043E-4
3.9676068846632043E-4
0.004201168608072847
-0.004201168608072847
-0.032840580033727966
0.032840580033727966
0.7739393908265532
-0.7739393908265532
-0.038796010820970464
0.038796010820970464
0.9325562908949085
-0.9325562908949085
-0.394262902483397
0.394262902483397
-2.287022223303946E-4
2.287022223303946E-4
0.05113386191593938
-0.05113386191593938
0.031158183817674212
-0.031158183817674212
-0.02206813557714081
0.02206813557714081
-0.03801437416572186
0.03801437416572186
0.31229282357309285
-0.31229282357309285
0.061426056947555985
-0.061426056947555985
0.060225400409567365
-0.060225400409567365
0.0022485367811064805
-0.0022485367811064805
-0.08932863997873652
0.08932863997873652
-7.770724183442017E-5
7.770724183442017E-5
5.732616790693479E-4
-5.732616790693479E-4
-0.008254433116913094
0.008254433116913094
-0.08671035351144486
0.08671035351144486
0.08519797198402956
-0.08519797198402956
7.024287611043789E-4
-7.024287611043789E-4
-5.779526880208488E-6
5.779526880208488E-6
0.06965195583262584
-0.06965195583262584
-0.06806903484760721
0.06806903484760721
0.010789023221483895
-0.010789023221483895
-0.0406247350774494
0.0406247350774494
-0.30217326822201157
0.30217326822201157
0.045412668994594285
-0.045412668994594285
0.4281074050910151
-0.4281074050910151
-0.6696857832606389
0.6696857832606389
-0.6584283836358913
0.6584283836358913
0.710316296320454
-0.710316296320454
0.2404991334927299
-0.2404991334927299
0.7811628503804879
-0.7811628503804879
-0.006959436041118586
0.006959436041118586
-0.45792058100248
0.45792058100248
0.21539185914923287
-0.21539185914923287
0.10542536187807328
-0.10542536187807328
-0.001023798369556407
0.001023798369556407
-0.10388381896869489
0.10388381896869489
-0.6517605505255856
0.6517605505255856
-0.0027419690147979913
0.0027419690147979913
0.06136964387423349
-0.06136964387423349
0.16296295692972007
-0.16296295692972007
0.36382975282179286
-0.36382975282179286
-1.952900735434668E-4
1.952900735434668E-4
-0.46493292684286486
0.46493292684286486
0.013502849796946048
-0.013502849796946048
0.04132041999001079
-0.04132041999001079
-2.7529562155905547E-4
2.7529562155905547E-4
-0.11935988520920575
0.11935988520920575
0.15918097707887569
-0.15918097707887569
-0.3283998646943743
0.3283998646943743
0.7314058453533494
-0.7314058453533494
0.14094975197704385
-0.14094975197704385
-0.10635830215869871
0.10635830215869871
0.15129112267565126
-0.15129112267565126
-0.30668730265132976
0.30668730265132976
0.002353590080327095
-0.002353590080327095
-0.013538825752481226
0.013538825752481226
0.0040470913731376346
-0.0040470913731376346
0.3005687082443633
-0.3005687082443633
-0.2698184380167215
0.2698184380167215
-0.06857059672925807
0.06857059672925807
-0.007671718478032336
0.007671718478032336
0.15586935043699568
-0.15586935043699568
-0.023327450532212867
0.023327450532212867
0.4255445020771338
-0.4255445020771338
-0.09461891951724558
0.09461891951724558
0.004262919336469051
-0.004262919336469051
-0.3575063645642275
0.3575063645642275
0.09601189264635224
-0.09601189264635224
-0.007157742981178351
0.007157742981178351
-3.2818881675024294E-4
3.2818881675024294E-4
0.5847232522797345
-0.5847232522797345
0.8912518404359859
-0.8912518404359859
0.13799597572270128
-0.13799597572270128
-0.7198096556317619
0.7198096556317619
-0.01189524388688114
0.01189524388688114
0.2298857103560238
-0.2298857103560238
-0.002970699524017868
0.002970699524017868
-0.012701978709417116
0.012701978709417116
0.4397212009657938
-0.4397212009657938
0.05669173902749047
-0.05669173902749047
0.40516237244636777
-0.40516237244636777
-0.022201316781443048
0.022201316781443048
0.6192820866749575
-0.6192820866749575
-0.1120918764193583
0.1120918764193583
0.03772449610377404
-0.03772449610377404
-5.328995616717097E-4
5.328995616717097E-4
0.12379580739157081
-0.12379580739157081
-0.026862114672413385
0.026862114672413385
0.17836566298126733
-0.17836566298126733
-0.0629690625922291
0.0629690625922291
0.002553998995343143
-0.002553998995343143
-4.6114648791963016E-4
4.6114648791963016E-4
0.008408500140841269
-0.008408500140841269
-1.8217842799423263E-4
1.8217842799423263E-4
-0.8352994791195886
0.8352994791195886
0.013380287422077308
-0.013380287422077308
-1.4803480084112062E-5
1.4803480084112062E-5
0.4349157322545343
-0.4349157322545343
0.0035411861657559385
-0.0035411861657559385
-0.6021811198059331
0.6021811198059331
0.13641986140456963
-0.13641986140456963
-0.02960383571204185
0.02960383571204185
-0.7112788166852085
0.7112788166852085
0.013319222836537192
-0.013319222836537192
0.9186093770584237
-0.9186093770584237
-0.09071535844331574
0.09071535844331574
0.09283212224756632
-0.09283212224756632
-8.499383700384604E-4
8.499383700384604E-4
0.2804361441119152
-0.2804361441119152
-0.3697736935787661
0.3697736935787661
0.18873083604526575
-0.18873083604526575
-0.01523558310180449
0.01523558310180449
0.21737502337068082
-0.21737502337068082
-0.20702686911569507
0.20702686911569507
0.004669049370007783
-0.004669049370007783
-0.0010623448636251779
0.0010623448636251779
0.011302388517803852
-0.011302388517803852
-0.010315828355526727
0.010315828355526727
0.5406068092987111
-0.5406068092987111
-0.02566821498722639
0.02566821498722639
-0.4094095686762514
0.4094095686762514
0.09348985147574185
-0.09348985147574185
0.5890167175969921
-0.5890167175969921
-0.05701643094634745
0.05701643094634745
-7.913966888745975E-5
7.913966888745975E-5
-3.410084985777132E-4
3.410084985777132E-4
0.04518979315225646
-0.04518979315225646
0.3457211790683462
-0.3457211790683462
0.0013990366791160058
-0.0013990366791160058
0.21675395194452973
-0.21675395194452973
-0.0324590810470804
0.0324590810470804
-0.023257111749635365
0.023257111749635365
-0.4563479848446504
0.4563479848446504
0.13415433609951055
-0.13415433609951055
0.23298028545583926
-0.23298028545583926
-0.005071446572818563
0.005071446572818563
-0.2382664217519928
0.2382664217519928
-0.6081835795385029
0.6081835795385029
0.3118038884878811
-0.3118038884878811
0.0393926526761732
-0.0393926526761732
-0.052570426424272294
0.052570426424272294
0.176192154396265
-0.176192154396265
-0.17058582069639805
0.17058582069639805
0.011785031148156766
-0.011785031148156766
0.14976958501308946
-0.14976958501308946
0.022088268455881188
-0.022088268455881188
-0.019698687257327114
0.019698687257327114
-0.6830906478251502
0.6830906478251502
0.23702070296715072
-0.23702070296715072
-0.37622076214273653
0.37622076214273653
0.08851031179295943
-0.08851031179295943
-0.001280231117125348
0.001280231117125348
-0.009975952609165886
0.009975952609165886
0.43886979929740677
-0.43886979929740677
-0.03260748725208555
0.03260748725208555
0.09359453997544709
-0.09359453997544709
-0.02879448658974
0.02879448658974
0.022745273820084733
-0.022745273820084733
0.06932598827381242
-0.06932598827381242
0.009568740862992642
-0.009568740862992642
-0.015914422713011696
0.015914422713011696
-0.048178359514837656
0.048178359514837656
0.08578188377244966
-0.08578188377244966
0.10914491084074773
-0.10914491084074773
-0.8376993088173711
0.8376993088173711
0.5236408327335654
-0.5236408327335654
-1.9356219210615804E-4
1.9356219210615804E-4
0.05360744836508091
-0.05360744836508091
0.059001100669238915
-0.059001100669238915
0.17632415650501765
-0.17632415650501765
-0.015306807900709542
0.015306807900709542
-0.12085133065960832
0.12085133065960832
-0.021843541307478488
0.021843541307478488
0.6658110488225415
-0.6658110488225415
-0.016637645627843253
0.016637645627843253
0.6866453411631626
-0.6866453411631626
-0.050408671309661916
0.050408671309661916
-0.6213141392553958
0.6213141392553958
4.0965897054801026E-4
-4.0965897054801026E-4
0.7932043950469103
-0.7932043950469103
0.026286567042492548
-0.026286567042492548
-0.018480435517291765
0.018480435517291765
-0.07037488314294453
0.07037488314294453
0.013087884717446596
-0.013087884717446596
0.13395714707720952
-0.13395714707720952
0.015498569895031178
-0.015498569895031178
0.10719779290130682
-0.10719779290130682
-0.008454672383152853
0.008454672383152853
0.3002027994918989
-0.3002027994918989
-0.0653739519826954
0.0653739519826954
0.006121629553899943
-0.006121629553899943
-0.002241293306998838
0.002241293306998838
0.052912215026659104
-0.052912215026659104
-4.891957756044847E-4
4.891957756044847E-4
0.0012668083693219145
-0.0012668083693219145
-0.0014995882292969495
0.0014995882292969495
0.3731649609522043
-0.3731649609522043
0.00566319627670786
-0.00566319627670786
0.6506743317291539
-0.6506743317291539
-0.002525246726342276
0.002525246726342276
-0.00826193538198232
0.00826193538198232
0.1408907838358825
-0.1408907838358825
0.03534569899375539
-0.03534569899375539
-0.09567239844124986
0.09567239844124986
-0.0077570426223570075
0.0077570426223570075
0.9156139542233622
-0.9156139542233622
-0.0031816847826321424
0.0031816847826321424
0.009079413832460359
-0.009079413832460359
-0.1050537529497453
0.1050537529497453
0.008413959569492091
-0.008413959569492091
0.619075352539108
-0.619075352539108
-0.6022429346215621
0.6022429346215621
-0.012804755501611097
0.012804755501611097
-0.5387423816639126
0.5387423816639126
0.3970653690583127
-0.3970653690583127
0.11008174713155572
-0.11008174713155572
0.20291259108243986
-0.20291259108243986
-0.48325560339049145
0.48325560339049145
0.13224330639518167
-0.13224330639518167
-0.25317655137228967
0.25317655137228967
0.08008095458945297
-0.08008095458945297
0.5485646537120785
-0.5485646537120785
-0.2866631748620289
0.2866631748620289
-2.7397570174190154E-4
2.7397570174190154E-4
-0.8859371281785392
0.8859371281785392
0.011114465229345338
-0.011114465229345338
-0.023914279276188683
0.023914279276188683
0.4900515349471377
-0.4900515349471377
-0.13486202750828827
0.13486202750828827
0.48772588367576497
-0.48772588367576497
0.04370891301588331
-0.04370891301588331
-0.15976052239970373
0.15976052239970373
0.01285916764863837
-0.01285916764863837
-0.8424060051742329
0.8424060051742329
-0.6318238123923443
0.6318238123923443
0.001136782262726177
-0.001136782262726177
0.36775072646591866
-0.36775072646591866
-0.3456044904962851
0.3456044904962851
0.07409881095233639
-0.07409881095233639
-3.977667062091286E-4
3.977667062091286E-4
-1.005129627525985E-4
1.005129627525985E-4
-0.11579440915680128
0.11579440915680128
0.008830907304851698
-0.008830907304851698
0.05815952360949439
-0.05815952360949439
9.889912889897712E-4
-9.889912889897712E-4
-0.0075695922463593
0.0075695922463593
0.0016902696473403145
-0.0016902696473403145
-0.4514086545178181
0.4514086545178181
-0.031344792803557314
0.031344792803557314
0.043972912187739244
-0.043972912187739244
-0.7022478851155269
0.7022478851155269
0.1635550024311484
-0.1635550024311484
0.2093170941908995
-0.2093170941908995
-0.0026259535357750466
0.0026259535357750466
0.24418425998961213
-0.24418425998961213
-0.6201568742540601
0.6201568742540601
0.017153479783505565
-0.017153479783505565
-0.011524362234432636
0.011524362234432636
0.009990505926577242
-0.009990505926577242
-0.12652004393528885
0.12652004393528885
0.014173544868257726
-0.014173544868257726
-0.0022151544688153134
0.0022151544688153134
-0.002005377412967409
0.002005377412967409
0.10148703488377964
-0.10148703488377964
0.9693504139356439
-0.9693504139356439
-0.6387131502170476
0.6387131502170476
-7.107462770761816E-4
7.107462770761816E-4
0.4276000664167142
-0.4276000664167142
0.30688728704916723
-0.30688728704916723
-0.22732083846337822
0.22732083846337822
0.03768478761591254
-0.03768478761591254
-0.008417121884169258
0.008417121884169258
-0.011631675009300518
0.011631675009300518
0.5052009176224026
-0.5052009176224026
0.06081546846539143
-0.06081546846539143
0.053913274369764896
-0.053913274369764896
-0.12991684632361222
0.12991684632361222
0.007476433127295734
-0.007476433127295734
-0.8956778016575785
0.8956778016575785
0.00949431133859402
-0.00949431133859402
0.12407656581988702
-0.12407656581988702
0.010225208091831584
-0.010225208091831584
-0.19943147349451368
0.19943147349451368
-0.4274570089616463
0.4274570089616463
0.3447944820787584
-0.3447944820787584
-0.05383303862406692
0.05383303862406692
-0.05472938166216923
0.05472938166216923
0.3437261778398627
-0.3437261778398627
0.3142712682283423
-0.3142712682283423
0.6778709738997273
-0.6778709738997273
-0.42413755710907636
0.42413755710907636
0.021708469798476404
-0.021708469798476404
-0.015384019993235158
0.015384019993235158
-0.0011906849644348534
0.0011906849644348534
0.032407346837609596
-0.032407346837609596
0.1886033235272001
-0.1886033235272001
4.223591562254603E-4
-4.223591562254603E-4
-0.0019298527720588146
0.0019298527720588146
-2.0719094300515652E-4
2.0719094300515652E-4
0.028084365890274743
-0.028084365890274743
0.15635461424664543
-0.15635461424664543
0.04587597820072509
-0.04587597820072509
-0.006243735282905287
0.006243735282905287
-0.2893880807431878
0.2893880807431878
-0.10284248259839837
0.10284248259839837
-0.0469006800024334
0.0469006800024334
0.2585228963047298
-0.2585228963047298
0.18918648176534747
-0.18918648176534747
-0.003908895934384753
0.003908895934384753
0.38692190292242457
-0.38692190292242457
-0.24998770754709804
0.24998770754709804
0.06602610619562443
-0.06602610619562443
0.03239895463719067
-0.03239895463719067
0.9329634140867025
-0.9329634140867025
-0.6280677429542745
0.6280677429542745
0.3438139820649031
-0.3438139820649031
-0.291144701695097
0.291144701695097
0.4363535288781145
-0.4363535288781145
0.010443811206988118
-0.010443811206988118
-0.48272547938648047
0.48272547938648047
-0.013510924405015712
0.013510924405015712
-0.010406301624977075
0.010406301624977075
0.028044420112881108
-0.028044420112881108
0.04817844080516909
-0.04817844080516909
0.002441289284430437
-0.002441289284430437
-0.5035186163491324
0.5035186163491324
0.00999198511720134
-0.00999198511720134
-0.026724222934525928
0.026724222934525928
-0.050446961284575695
0.050446961284575695
-0.027081108475647486
0.027081108475647486
0.43836978169671426
-0.43836978169671426
0.04679011844507175
-0.04679011844507175
0.03912384646114886
-0.03912384646114886
0.47348640569559675
-0.47348640569559675
-0.07647647058305548
0.07647647058305548
-0.06542743344639207
0.06542743344639207
-0.07098707540317985
0.07098707540317985
0.0018503124120731185
-0.0018503124120731185
-0.00785076809366969
0.00785076809366969
0.07259358834859109
-0.07259358834859109
0.030104702873729017
-0.030104702873729017
-0.3300710389141961
0.3300710389141961
-0.033368025698651826
0.033368025698651826
0.1553313351125959
-0.1553313351125959
0.011027736735158555
-0.011027736735158555
0.07200897294524089
-0.07200897294524089
-0.23879067387740924
0.23879067387740924
0.09130229181289573
-0.09130229181289573
-0.004333847132809449
0.004333847132809449
0.5061050133370333
-0.5061050133370333
0.004783114974518221
-0.004783114974518221
-0.012235894699599287
0.012235894699599287
-0.003832618453400906
0.003832618453400906
0.15373557393740211
-0.15373557393740211
-0.008324590946843203
0.008324590946843203
0.663087019523275
-0.663087019523275
0.022986028242084844
-0.022986028242084844
-0.011236879728740167
0.011236879728740167
-0.16290556228522068
0.16290556228522068
0.13470715211549933
-0.13470715211549933
8.726460371218936E-4
-8.726460371218936E-4
0.006380826217332269
-0.006380826217332269
-0.08140571951497601
0.08140571951497601
-0.1860296940756616
0.1860296940756616
-0.00421867320553198
0.00421867320553198
0.30930434034632304
-0.30930434034632304
-0.026690484397875913
0.026690484397875913
0.5975703832606434
-0.5975703832606434
-0.024007539488582568
0.024007539488582568
0.09494117767178678
-0.09494117767178678
0.016153462904608062
-0.016153462904608062
-1.201358295981272E-4
1.201358295981272E-4
-0.035223163384554036
0.035223163384554036
0.05669630283957927
-0.05669630283957927
0.01948771567777341
-0.01948771567777341
-0.08448522694987498
0.08448522694987498
0.029626450316807995
-0.029626450316807995
0.4609797594605689
-0.4609797594605689
-0.021775315982548487
0.021775315982548487
-0.06274105418681845
0.06274105418681845
0.09425017639869793
-0.09425017639869793
0.009120279813010335
-0.009120279813010335
-0.007834275267191255
0.007834275267191255
-0.08853992803901793
0.08853992803901793
-0.1924240569837042
0.1924240569837042
0.08611292626532574
-0.08611292626532574
0.08758761796583414
-0.08758761796583414
-0.8826385208913192
0.8826385208913192
0.5346386276108692
-0.5346386276108692
-0.0034206761675598415
0.0034206761675598415
-0.048420188914961526
0.048420188914961526
0.14334275671344165
-0.14334275671344165
-4.981200926972955E-4
4.981200926972955E-4
-0.0011688057762965051
0.0011688057762965051
0.0692262081649504
-0.0692262081649504
0.010238473245620883
-0.010238473245620883
-0.027889898706249316
0.027889898706249316
-0.4198643676714233
0.4198643676714233
0.0023103566701958567
-0.0023103566701958567
0.4286553031619653
-0.4286553031619653
0.005483508128192871
-0.005483508128192871
-1.453200882986842E-4
1.453200882986842E-4
-0.0025007414184491992
0.0025007414184491992
0.03718670612739561
-0.03718670612739561
0.005361342037407124
-0.005361342037407124
-0.04326652071009693
0.04326652071009693
-0.0014500264232036372
0.0014500264232036372
0.027011552130251526
-0.027011552130251526
0.027835820371562847
-0.027835820371562847
-0.025468429622439864
0.025468429622439864
0.9800800764864982
-0.9800800764864982
-0.022115775324642137
0.022115775324642137
0.47655393969393167
-0.47655393969393167
0.18260908076508864
-0.18260908076508864
-0.11363033076774065
0.11363033076774065
-0.09370991059737124
0.09370991059737124
0.03807500163321231
-0.03807500163321231
-0.0017771212494544562
0.0017771212494544562
0.010031453545924718
-0.010031453545924718
-0.0015972137402808242
0.0015972137402808242
0.13594441328594054
-0.13594441328594054
0.005434431027506625
-0.005434431027506625
-0.8204903949118453
0.8204903949118453
-0.2233056709852977
0.2233056709852977
-0.3726235893867566
0.3726235893867566
0.2609515019439088
-0.2609515019439088
0.010668731463138514
-0.010668731463138514
-0.02738950607696049
0.02738950607696049
-0.0025985532846044285
0.0025985532846044285
-0.04351942959345363
0.04351942959345363
0.2863837967785662
-0.2863837967785662
0.16425205074730598
-0.16425205074730598
-0.8116939561207196
0.8116939561207196
-0.12038703495017042
0.12038703495017042
0.04248130263680461
-0.04248130263680461
0.7406918612983524
-0.7406918612983524
-0.51858496366184
0.51858496366184
0.08731539749955686
-0.08731539749955686
0.02811695419335347
-0.02811695419335347
-0.012119530752787622
0.012119530752787622
0.01876592936942778
-0.01876592936942778
-0.08634215610008956
0.08634215610008956
-2.960311872250478E-5
2.960311872250478E-5
0.34586666639909325
-0.34586666639909325
-0.6326270923479537
0.6326270923479537
0.007836511703086857
-0.007836511703086857
0.153238164645202
-0.153238164645202
-3.010824389162641E-4
3.010824389162641E-4
-0.012938574241127338
0.012938574241127338
0.010748641783966173
-0.010748641783966173
-0.964167520342686
0.964167520342686
0.2235154542069422
-0.2235154542069422
-3.986014923009425E-6
3.986014923009425E-6
0.09534184269089152
-0.09534184269089152
-0.5118603818394586
0.5118603818394586
0.24510436736188035
-0.24510436736188035
-0.02629369251791033
0.02629369251791033
0.4174357163627961
-0.4174357163627961
-0.013328334603456615
0.013328334603456615
0.18596711378344177
-0.18596711378344177
0.018669594214541507
-0.018669594214541507
0.0334315626039573
-0.0334315626039573
-0.12220170434811473
0.12220170434811473
-0.3328778024103054
0.3328778024103054
-0.018062106670000414
0.018062106670000414
0.07591571213039694
-0.07591571213039694
-0.07104766792732248
0.07104766792732248
0.017274850795760188
-0.017274850795760188
-6.564370964746711E-4
6.564370964746711E-4
-0.4936284712840873
0.4936284712840873
0.15071570963566439
-0.15071570963566439
0.9268728332529647
-0.9268728332529647
-0.017115589092417623
0.017115589092417623
-0.01833845704498097
0.01833845704498097
0.02101741354417508
-0.02101741354417508
0.22078494426217055
-0.22078494426217055
0.07780033156458377
-0.07780033156458377
-0.01160746044318499
0.01160746044318499
0.054855266469638564
-0.054855266469638564
-0.045530294396671105
0.045530294396671105
0.5960496048612738
-0.5960496048612738
0.5797982943647151
-0.5797982943647151
-0.0427500671913852
0.0427500671913852
-4.453238663058422E-5
4.453238663058422E-5
0.24622950603351434
-0.24622950603351434
-0.007807272988186653
0.007807272988186653
-0.005274354168526984
0.005274354168526984
0.35165190795014145
-0.35165190795014145
0.007912444654159634
-0.007912444654159634
0.10236317699735631
-0.10236317699735631
0.008187339713828234
-0.008187339713828234
-0.0030860752793595955
0.0030860752793595955
-7.098994661545021E-4
7.098994661545021E-4
-7.455528817971786E-4
7.455528817971786E-4
0.011441665966739567
-0.011441665966739567
0.041392507428601566
-0.041392507428601566
0.5830004312572137
-0.5830004312572137
0.15256428833782765
-0.15256428833782765
-0.0014636228481439654
0.0014636228481439654
0.009050229100534435
-0.009050229100534435
0.012879426545885142
-0.012879426545885142
-0.03112985609285226
0.03112985609285226
-0.0018745509118818433
0.0018745509118818433
0.039347332701902715
-0.039347332701902715
0.11437092483593381
-0.11437092483593381
0.07122319310372294
-0.07122319310372294
-0.056659093746514747
0.056659093746514747
-1.7777819767818734E-4
1.7777819767818734E-4
0.13961209166165
-0.13961209166165
0.09540032100026186
-0.09540032100026186
-2.4956558194938884E-4
2.4956558194938884E-4
-0.0909864945002779
0.0909864945002779
0.1293049710246369
-0.1293049710246369
0.19927158054080507
-0.19927158054080507
-0.012882086201592832
0.012882086201592832
-0.0036587311395218543
0.0036587311395218543
0.8603604949769835
-0.8603604949769835
0.05818574468962534
-0.05818574468962534
0.33727356996995805
-0.33727356996995805
-0.02833631735209964
0.02833631735209964
-0.08606542469667769
0.08606542469667769
0.227607211618988
-0.227607211618988
0.7859872399333698
-0.7859872399333698
-0.5186314889397826
0.5186314889397826
0.7360939404599376
-0.7360939404599376
0.04157100243686496
-0.04157100243686496
-0.0013715306665794467
0.0013715306665794467
0.05862208992462392
-0.05862208992462392
0.16562458833695637
-0.16562458833695637
-0.30508579251473883
0.30508579251473883
-4.8135237288793445E-4
4.8135237288793445E-4
0.0900275128046687
-0.0900275128046687
-0.15568776071330592
0.15568776071330592
-0.004615953690549967
0.004615953690549967
0.9556542803498475
-0.9556542803498475
0.07636268606111807
-0.07636268606111807
-0.8041210198196238
0.8041210198196238
-0.032451467795136184
0.032451467795136184
0.030359131823153973
-0.030359131823153973
0.3011730710189101
-0.3011730710189101
0.003613790994898003
-0.003613790994898003
-4.1980047745728325E-4
4.1980047745728325E-4
-0.7334829652115645
0.7334829652115645
0.8035845903960386
-0.8035845903960386
-0.0017152941297472986
0.0017152941297472986
0.39554677826599693
-0.39554677826599693
-0.05116507293583364
0.05116507293583364
0.005712689634274293
-0.005712689634274293
-0.009833927966624783
0.009833927966624783
-0.22190704394298716
0.22190704394298716
0.009365543600840853
-0.009365543600840853
0.47973284597876553
-0.47973284597876553
-0.7721648609800567
0.7721648609800567
0.07299594294816247
-0.07299594294816247
-0.002191261006916796
0.002191261006916796
0.822289005549421
-0.822289005549421
-0.06467032648127558
0.06467032648127558
0.3661134298660407
-0.3661134298660407
-1.2670248669628635E-4
1.2670248669628635E-4
0.10418078131771613
-0.10418078131771613
0.012693579187222914
-0.012693579187222914
0.11658292040217999
-0.11658292040217999
-0.01161407535289698
0.01161407535289698
-9.425015897693899E-4
9.425015897693899E-4
0.01351303715025376
-0.01351303715025376
0.02376956834846211
-0.02376956834846211
0.013133156997365947
-0.013133156997365947
-0.039700211018541855
0.039700211018541855
0.2901881723199262
-0.2901881723199262
-0.3436622799480944
0.3436622799480944
-0.08316821211969078
0.08316821211969078
0.04173937585197074
-0.04173937585197074
0.08584840761618129
-0.08584840761618129
-0.0654832581363224
0.0654832581363224
0.03679617393113299
-0.03679617393113299
-0.027036768856348065
0.027036768856348065
0.049381885935738
-0.049381885935738
-0.11798897857112939
0.11798897857112939
0.009294063336043101
-0.009294063336043101
-0.4650815715188876
0.4650815715188876
-0.003537224127819096
0.003537224127819096
0.16620983952530344
-0.16620983952530344
0.6470760729605949
-0.6470760729605949
0.2728678905436712
-0.2728678905436712
0.1624668568788884
-0.1624668568788884
-0.006681413946086605
0.006681413946086605
-0.005932575467666376
0.005932575467666376
0.1306891088226949
-0.1306891088226949
-0.8608417176002601
0.8608417176002601
0.1214673715735688
-0.1214673715735688
0.18206116589708332
-0.18206116589708332
-0.0049900561042438155
0.0049900561042438155
-0.2625285549714551
0.2625285549714551
-0.07844116172897837
0.07844116172897837
0.003949262171587864
-0.003949262171587864
0.02933478106153664
-0.02933478106153664
-0.005360504530471105
0.005360504530471105
0.5554993006252629
-0.5554993006252629
0.06878631288238812
-0.06878631288238812
-0.12274963610320118
0.12274963610320118
-0.004583977323550407
0.004583977323550407
-0.596266511173947
0.596266511173947
0.03028080792459298
-0.03028080792459298
0.05309605615126001
-0.05309605615126001
0.0617746178821722
-0.0617746178821722
-0.0015009908044434828
0.0015009908044434828
0.050164578593121956
-0.050164578593121956
-0.012830851922676073
0.012830851922676073
-0.6237023173346671
0.6237023173346671
0.34037651193186846
-0.34037651193186846
0.4004410074743009
-0.4004410074743009
-0.08564515384768195
0.08564515384768195
-0.7489827351450226
0.7489827351450226
-0.30972564269370123
0.30972564269370123
0.8407184499508101
-0.8407184499508101
0.0406756833280717
-0.0406756833280717
-0.33784350803484525
0.33784350803484525
0.035544350962680715
-0.035544350962680715
-0.34329114372571334
0.34329114372571334
0.1363365119830734
-0.1363365119830734
