20000	200002
20000	200003
20001	200012
20001	200013
20002	200022
20002	200023
20003	200032
20003	200033
20004	200042
20004	200043
20005	200052
20005	200053
20006	200062
20006	200063
20007	200072
20007	200073
20008	200082
20008	200083
20009	200092
20009	200093
20010	200102
20010	200103
20011	200112
20011	200113
20012	200122
20012	200123
20013	200132
20013	200133
20014	200142
20014	200143
20015	200152
20015	200153
20016	200162
20016	200163
20017	200172
20017	200173
20018	200182
20018	200183
20019	200192
20019	200193
20020	200202
20020	200203
20021	200212
20021	200213
20022	200222
20022	200223
20023	200232
20023	200233
20024	200242
20024	200243
20025	200252
20025	200253
20026	200262
20026	200263
20027	200272
20027	200273
20028	200282
20028	200283
20029	200292
20029	200293
20030	200302
20030	200303
20031	200312
20031	200313
20032	200322
20032	200323
20033	200332
20033	200333
20034	200342
20034	200343
20035	200352
20035	200353
20036	200362
20036	200363
20037	200372
20037	200373
20038	200382
20038	200383
20039	200392
20039	200393
20040	200402
20040	200403
20041	200412
20041	200413
20042	200422
20042	200423
20043	200432
20043	200433
20044	200442
20044	200443
20045	200452
20045	200453
20046	200462
20046	200463
20047	200472
20047	200473
20048	200482
20048	200483
20049	200492
20049	200493
20050	200502
20050	200503
20051	200512
20051	200513
20052	200522
20052	200523
20053	200532
20053	200533
20054	200542
20054	200543
20055	200552
20055	200553
20056	200562
20056	200563
20057	200572
20057	200573
20058	200582
20058	200583
20059	200592
20059	200593
20060	200602
20060	200603
20061	200612
20061	200613
20062	200622
20062	200623
20063	200632
20063	200633
20064	200642
20064	200643
20065	200652
20065	200653
20066	200662
20066	200663
20067	200672
20067	200673
20068	200682
20068	200683
20069	200692
20069	200693
20070	200702
20070	200703
20071	200712
20071	200713
20072	200722
20072	200723
20073	200732
20073	200733
20074	200742
20074	200743
20075	200752
20075	200753
20076	200762
20076	200763
20077	200772
20077	200773
20078	200782
20078	200783
20079	200792
20079	200793
20080	200802
20080	200803
20081	200812
20081	200813
20082	200822
20082	200823
20083	200832
20083	200833
20084	200842
20084	200843
20085	200852
20085	200853
20086	200862
20086	200863
20087	200872
20087	200873
20088	200882
20088	200883
20089	200892
20089	200893
20090	200902
20090	200903
20091	200912
20091	200913
20092	200922
20092	200923
20093	200932
20093	200933
20094	200942
20094	200943
20095	200952
20095	200953
20096	200962
20096	200963
20097	200972
20097	200973
20098	200982
20098	200983
20099	200992
20099	200993
20100	201002
20100	201003
20101	201012
20101	201013
20102	201022
20102	201023
20103	201032
20103	201033
20104	201042
20104	201043
20105	201052
20105	201053
20106	201062
20106	201063
20107	201072
20107	201073
20108	201082
20108	201083
20109	201092
20109	201093
20110	201102
20110	201103
20111	201112
20111	201113
20112	201122
20112	201123
20113	201132
20113	201133
20114	201142
20114	201143
20115	201152
20115	201153
20116	201162
20116	201163
20117	201172
20117	201173
20118	201182
20118	201183
20119	201192
20119	201193
20120	201202
20120	201203
20121	201212
20121	201213
20122	201222
20122	201223
20123	201232
20123	201233
20124	201242
20124	201243
20125	201252
20125	201253
20126	201262
20126	201263
20127	201272
20127	201273
20128	201282
20128	201283
20129	201292
20129	201293
20130	201302
20130	201303
20131	201312
20131	201313
20132	201322
20132	201323
20133	201332
20133	201333
20134	201342
20134	201343
20135	201352
20135	201353
20136	201362
20136	201363
20137	201372
20137	201373
20138	201382
20138	201383
20139	201392
20139	201393
20140	201402
20140	201403
20141	201412
20141	201413
20142	201422
20142	201423
20143	201432
20143	201433
20144	201442
20144	201443
20145	201452
20145	201453
20146	201462
20146	201463
20147	201472
20147	201473
20148	201482
20148	201483
20149	201492
20149	201493
20150	201502
20150	201503
20151	201512
20151	201513
20152	201522
20152	201523
20153	201532
20153	201533
20154	201542
20154	201543
20155	201552
20155	201553
20156	201562
20156	201563
20157	201572
20157	201573
20158	201582
20158	201583
20159	201592
20159	201593
20160	201602
20160	201603
20161	201612
20161	201613
20162	201622
20162	201623
20163	201632
20163	201633
20164	201642
20164	201643
20165	201652
20165	201653
20166	201662
20166	201663
20167	201672
20167	201673
20168	201682
20168	201683
20169	201692
20169	201693
20170	201702
20170	201703
20171	201712
20171	201713
20172	201722
20172	201723
20173	201732
20173	201733
20174	201742
20174	201743
20175	201752
20175	201753
20176	201762
20176	201763
20177	201772
20177	201773
20178	201782
20178	201783
20179	201792
20179	201793
20180	201802
20180	201803
20181	201812
20181	201813
20182	201822
20182	201823
20183	201832
20183	201833
20184	201842
20184	201843
20185	201852
20185	201853
20186	201862
20186	201863
20187	201872
20187	201873
20188	201882
20188	201883
20189	201892
20189	201893
20190	201902
20190	201903
20191	201912
20191	201913
20192	201922
20192	201923
20193	201932
20193	201933
20194	201942
20194	201943
20195	201952
20195	201953
20196	201962
20196	201963
20197	201972
20197	201973
20198	201982
20198	201983
20199	201992
20199	201993
