1500	200007
1500	200017
1500	200022
1501	200014
1501	200021
1501	200029
1502	200024
1502	200031
1502	200035
1505	200036
1505	200042
1505	200043
1506	200037
1506	200039
1506	200061
1507	200047
1507	200055
1508	200049
1508	200081
1508	200082
1509	200053
1509	200065
1509	200066
1510	200057
1510	200063
1511	200058
1511	200062
1511	200080
1512	200059
1512	200068
1513	200134
1513	200187
1514	200073
1514	200084
1515	200108
1515	200151
1516	200083
1516	200091
1516	200125
1517	200089
1518	200096
1518	200098
1519	200113
1519	200130
1519	200157
1520	200114
1520	200129
1521	200116
1521	200140
1521	200142
1522	200143
1522	200145
1522	200185
1523	200119
1523	200133
1523	200139
1524	200074
1524	200190
1525	200199
1525	200201
1526	200166
1526	200168
1526	200169
1527	200176
1527	200177
1527	200179
1528	200180
1528	200182
1528	200184
1529	200155
1529	200193
1529	200194
1530	200195
1530	200196
1530	200332
1531	200205
1531	200207
1532	200214
1532	200215
1532	200216
1533	200211
1533	200217
1534	200219
1534	200221
1535	200224
1535	200270
1535	200274
1536	200227
1536	200228
1536	200230
1537	200233
1537	200234
1538	200231
1538	200236
1539	200239
1539	200241
1539	200242
1540	200250
1540	200251
1540	200252
1540	200253
1541	200256
1541	200258
1542	200257
1542	200262
1542	200263
1543	200267
1543	200268
1543	200285
1544	200255
1544	200278
1544	200279
1545	200271
1545	200272
1545	200273
1546	200275
1546	200276
1546	200277
1547	200287
1547	200289
1547	200290
1548	200294
1548	200295
1548	200296
1549	200335
1549	200346
1549	200347
1550	200298
1550	200302
1550	200305
1551	200297
1551	200304
1551	200311
1553	200319
1553	200320
1554	200314
1554	200345
1555	200316
1555	200317
1555	200344
1556	200330
1556	200333
1556	200334
1557	200348
1557	200349
1557	200350
1558	200337
1558	200354
1558	200357
1558	200364
1559	200351
1559	200352
1559	200353
1560	200331
1560	200342
1560	200343
1561	200336
1561	200355
1561	200356
1562	200361
1562	200362
1562	200363
1563	200358
1563	200359
1563	200360
1564	200366
1564	200368
1565	200403
1565	200404
1566	200405
1566	200406
1566	200407
1567	200373
1567	200374
1567	200380
1567	200383
1568	200379
1570	200431
1570	200433
1571	200381
1571	200386
1571	200500
1572	200392
1572	200425
1573	200312
1573	200313
1574	200292
1574	200293
1576	200504
1576	200505
1576	200506
2500	203021
2500	203022
2501	203024
2501	203025
2501	203026
2502	203027
2502	203028
2502	203029
2503	203034
2503	203035
2503	203046
2504	203037
2504	203038
2505	203124
2505	203126
2505	203127
2505	203128
2505	203129
2505	203130
2507	203063
2507	203065
2508	203057
2508	203059
2509	203117
2509	203118
2510	203042
2510	203044
2513	203054
2513	203056
2515	203060
2516	203147
2516	203149
2516	203150
2519	203253
2519	203254
2519	203255
2519	203256
2520	203257
2520	203259
2525	203327
2525	203328
2525	203329
2526	203331
2526	203332
2529	203339
2529	203341
2531	203349
2531	203350
2531	203351
2533	203362
2533	203364
2535	203365
2535	203366
2537	203375
2537	203376
2538	203377
2538	203384
2538	203385
2539	203378
2539	203379
2539	203380
2541	203386
2541	203387
2541	203388
2543	203398
2543	203399
2543	203400
2544	203402
2544	203403
2544	203404
2545	203406
2545	203407
2546	203429
2546	203430
2546	203431
2547	203420
2547	203421
2547	203422
2547	203428
2549	203433
2549	203434
2549	203435
2550	203439
2550	203440
2550	203441
2551	203442
2551	203443
2551	203444
2553	203448
2553	203449
2553	203450
2556	203436
2556	203438
2558	203464
2558	203465
2558	203466
2559	203468
2559	203469
2562	203474
2562	203478
2563	203507
2563	203508
2563	203509
2564	203512
2564	203514
2569	202020
2569	202021
2575	202033
2575	202034
2575	202035
2577	202040
2577	202042
2577	202043
2577	202047
2578	202038
2578	202039
2578	202049
2579	202044
2579	202046
2580	202045
2580	202048
2580	202068
2580	202069
2581	202053
2581	202055
2582	202057
2583	202178
2583	202179
2584	202059
2584	202061
2585	202062
2585	202082
2586	202063
2586	202064
2586	202075
2587	202066
2587	202067
2588	202011
2588	202065
2588	202142
2589	202071
2589	202072
2591	202076
2591	202077
2592	202078
2592	202079
2592	202080
2592	202115
2592	202116
2593	202083
2593	202084
2593	202085
2594	202087
2594	202088
2594	202144
2595	202089
2595	202168
2595	202169
2596	202090
2596	202091
2596	202092
2597	202093
2597	202117
2598	202095
2598	202096
2599	202098
2599	202099
2599	202100
2600	202101
2600	202153
2600	202154
2601	202107
2601	202108
2602	202103
2602	202104
2603	202110
2603	202111
2603	202112
2606	202120
2606	202121
2607	202123
2607	202124
2608	202126
2608	202127
2609	202128
2609	202129
2609	202130
2609	202131
2610	202133
2610	202135
2611	202136
2611	202138
2613	202146
2613	202170
2616	202156
2616	202157
2617	202158
2617	202159
2620	202171
2620	202172
2621	202180
2621	202181
2621	202182
2621	202183
2622	202184
2622	202185
2623	202187
2623	202188
2623	202189
2624	202191
2624	202192
2625	202193
2625	202194
2625	202195
2626	202230
2626	202231
2626	202232
2627	202199
2627	202200
2627	202201
2627	202202
2628	202203
2628	202205
2629	202207
2629	202208
2630	202210
2630	202211
2631	202212
2631	202213
2631	202214
2632	202217
2632	202218
2633	202219
2633	202220
2633	202221
2633	202222
2635	202226
2635	202227
2635	202228
2635	202229
2635	202258
2636	202234
2636	202235
2636	202236
2637	202237
2637	202238
2637	202239
2637	202240
2637	202241
2638	202242
2638	202243
2638	202244
2639	202248
2639	202250
2640	202251
2640	202252
2640	202253
2641	202254
2641	202255
2642	202259
2642	202260
2642	202261
2643	202262
2643	202264
2644	202266
2644	202267
2645	202268
2646	202271
2646	202273
2647	202274
2647	202275
2647	202276
2648	202277
2648	202278
2649	202280
2649	202281
2649	202282
2651	202287
2651	202288
2652	202289
2652	202290
2652	202291
2653	202292
2653	202293
2653	202294
2654	202295
2654	202296
2654	202297
2655	202299
2655	202300
2656	202301
2656	202302
2656	202303
2657	202304
2657	202305
2657	202306
2658	202307
2658	202308
2658	202311
2659	202309
2659	202310
2660	202312
2660	202313
2661	202318
2661	202319
2661	202320
2662	202321
2662	202322
2662	202323
2663	202324
2663	202325
2663	202326
2664	202340
2664	202341
2664	202342
2665	202343
2665	202344
2665	202345
2666	202347
2666	202348
2667	202350
2667	202351
2667	202352
2668	202353
2669	202356
2669	202357
2670	202359
2670	202360
2670	202361
2671	202362
2671	202363
2671	202364
2672	202365
2672	202367
2673	202368
2673	202369
2673	202370
2674	202371
2674	202372
2674	202373
2675	202374
2675	202375
2675	202376
2676	202380
2676	202381
2676	202382
2677	202377
2677	202378
2677	202379
2678	202385
2679	202386
2679	202387
2679	202388
2680	202389
2680	202390
2681	202392
2681	202393
2682	202395
2682	202396
2682	202397
2683	202398
2683	202399
2683	202400
2684	202401
2684	202402
2684	202403
2685	202404
2685	202405
2685	202406
2686	202408
2686	202409
2687	202410
2687	202411
2687	202412
2688	202413
2688	202414
2688	202415
2689	202416
2689	202417
2689	202418
2690	202419
2690	202421
2691	202423
2691	202424
2692	202425
2692	202426
2692	202427
2693	202428
2693	202429
2693	202430
2694	202431
2694	202432
2694	202433
2695	202434
2695	202435
3500	215010
3500	215011
3500	215012
3501	215004
3501	215006
3502	215044
3502	215045
3503	215046
3503	215047
3503	215048
3504	215025
3504	215027
3505	215002
3505	215003
3506	215028
3506	215029
3506	215030
3507	215078
3507	215079
3507	215080
3508	215088
3508	215089
3508	215090
3509	215076
3509	215077
3510	215073
3510	215074
3511	215117
3511	215118
3511	215119
3511	215120
3513	215097
3513	215098
3513	215099
3514	215094
3514	215095
3514	215096
3515	215081
3515	215082
3515	215083
3516	215069
3516	215070
3517	215066
3517	215067
3517	215068
3518	215101
3518	215102
3519	215109
3519	215110
3519	215111
3521	215084
3521	215087
3522	215133
3522	215134
3522	215135
3523	215151
3523	215152
3524	215175
3524	215178
3524	215179
3525	215180
3525	215181
3526	215167
3526	215169
3527	215147
3527	215148
3527	215149
3528	215192
3528	215194
3529	215199
3529	215200
3529	215201
3529	215203
3530	215204
3530	215205
3531	215016
3531	215017
3531	215019
3532	215020
3532	215021
3533	215222
3533	215223
3533	215224
3534	215218
3534	215219
3535	215210
3535	215211
3535	215214
3536	215207
3536	215209
3537	215215
3537	215216
3538	215231
3538	215233
3538	215234
3539	215250
3539	215251
3539	215252
3541	215276
3541	215277
3541	215278
3542	215286
3542	215287
3544	215296
3544	215297
3544	215298
3545	215302
3545	215304
3546	215347
3546	215348
3546	215349
3547	215356
3547	215358
3548	215273
3548	215275
3549	215235
3549	215237
3550	215253
3550	215254
3550	215256
3550	215257
3551	215292
3551	215293
3551	215294
3552	215264
3552	215265
3552	215266
3553	215279
3553	215281
3554	215262
3554	215263
3555	215270
3555	215272
3556	215316
3556	215317
3557	215288
3557	215289
3557	215290
3558	215267
3558	215269
3559	215244
3559	215245
3561	215282
3561	215283
3561	215284
3562	215327
3562	215328
3563	215324
3563	215325
3563	215326
3564	215372
3564	215374
3564	215375
3565	215373
3566	215369
3566	215370
3567	215394
3567	215395
3567	215396
3568	215400
3568	215401
3568	215402
3569	215390
3569	215391
3569	215392
3569	215393
3570	215380
3570	215381
3570	215383
3572	215425
3572	215426
3572	215427
3572	215429
3572	215430
3573	215416
3573	215417
3573	215418
3575	215410
3575	215412
3576	215407
3576	215409
3577	215397
3577	215398
3579	215362
3580	215359
3580	215361
3581	215341
3582	215311
3582	215312
3582	215313
3583	215225
3583	215226
3584	215442
3584	215443
3584	215444
3585	215404
3585	215405
3586	215413
3586	215414
3586	215415
3587	215461
3587	215463
3588	215435
3588	215437
3588	215438
3589	215439
3589	215440
3589	215441
3590	215468
3590	215469
3591	215471
3591	215472
3591	215473
3592	215482
3592	215483
3592	215484
3592	215485
3593	215487
3593	215488
3594	215489
3594	215490
3595	215495
3595	215496
3595	215497
3596	215498
3596	215499
3596	215500
3596	215501
3597	215508
3597	215509
3597	215510
3598	215519
3598	215520
3599	215521
3599	215522
3599	215523
3600	215529
3600	215530
3601	215537
3601	215538
3601	215539
3602	215559
3602	215560
3603	215550
3603	215551
3603	215552
3604	215554
3604	215555
3604	215556
3605	215543
3605	215544
3605	215545
3605	215546
3606	215541
3607	215547
3607	215549
3608	215565
3608	215566
3608	215567
3609	215588
3610	215595
3610	215596
3611	215600
3611	215603
3612	215629
3612	215630
3612	215631
3613	215642
3614	215662
3614	215663
3614	215664
3615	215677
3615	215679
3615	215680
3616	215669
3616	215671
3616	215672
3617	215626
3617	215628
3618	215636
3618	215637
3619	215656
3619	215657
3619	215658
3621	215688
3621	215689
3622	215693
3622	215694
3623	215699
3623	215701
3623	215702
3624	215703
3624	215704
3624	215705
3625	215706
3625	215708
3626	215709
3626	215710
3626	215711
3627	215645
3627	215647
3628	215673
3628	215674
3629	215614
3629	215615
3630	215572
3630	215573
3631	215584
3631	215586
3632	215714
3632	215715
3633	215716
3633	215717
3633	215718
3633	215719
3634	215721
3634	215722
3635	215591
3635	215593
3635	215607
3636	215604
3636	215605
3637	215762
3637	215764
3638	215726
3638	215727
3638	215728
3639	215729
3639	215730
3640	215733
3640	215734
3641	215739
3641	215741
3642	215742
3642	215743
3642	215744
3643	215746
3643	215747
3643	215748
3644	215749
3644	215751
3645	215752
3645	215753
3646	215756
3646	215757
3647	215794
3647	215795
3648	215809
3648	215810
3648	215811
3649	215775
3649	215776
3649	215777
3650	215778
3650	215779
3651	215787
3651	215788
3651	215789
3652	215790
3653	215796
3653	215797
3654	215799
3654	215800
3655	215768
3655	215770
3656	215802
3656	215803
3656	215805
3657	215813
3657	215814
3658	215769
3659	215815
3659	215817
3660	215818
3660	215819
3660	215820
3661	215821
3661	215823
3662	215806
3662	215807
3662	215808
3663	215824
3663	215825
3663	215826
3664	215771
3664	215772
6524	215176
6610	215594
9511	202000
9511	202001
9565	202007
9565	202008
9565	202009
9565	202010
9565	202013
9565	202015
9565	202056
9565	202106
9566	202012
9566	202073
9567	202016
9567	202018
9568	202004
9568	202005
9568	202006
9568	202086
9568	202105
9568	202346
9570	202023
9570	202024
9571	202174
9571	202175
9571	202176
9572	202027
9572	202031
9572	202032
9573	202028
9573	202029
9576	202036
9576	202037
